2430
10000
7312
3388
3611
5536
7718
4945
4900
3226
4081
3342
9022
1638
1989
8337
5366
8535
4187
3927
303
8104
2143
1029
9240
1798
8055
8918
9946
7506
9901
1573
4123
7214
4961
4087
2750
9031
5384
4003
8609
9465
7345
7631
1103
5686
2320
6470
573
6508
6749
7229
964
8892
8258
204
690
6313
9123
637
172
9024
8562
647
2590
3523
4734
1693
8906
118
5696
7515
9583
9393
1498
7039
1431
3819
9861
2004
6679
6610
9233
7643
1854
3844
7847
8896
6509
6970
9533
3033
2347
8095
3681
4937
7970
8415
6630
3228
4886
8678
743
821
4423
8594
7860
5854
8765
4073
4211
5444
7035
9796
3087
8889
3640
934
7786
6502
4257
3671
9535
2956
1767
3216
4245
6089
7984
7228
9318
9222
5906
6413
43
6682
5007
4256
2536
3772
8329
6747
5568
5365
2896
8655
4254
2888
5942
8392
9390
6551
2064
5278
9507
183
4846
3752
6272
9182
980
1942
8404
3239
8356
8448
9921
9715
9056
8809
9840
7385
1909
5408
9102
4805
416
9709
7693
6358
8101
3436
2909
165
5066
8768
6700
9912
8872
9325
9095
9853
1267
7499
9444
5975
2299
5717
2043
7707
878
1883
5093
2787
3643
4195
3944
4059
3904
7990
6769
8358
1426
9678
4875
6492
4798
1576
2756
3671
901
1851
9876
8520
5703
5672
848
4354
1389
2891
2062
2267
4774
3507
1407
4769
4054
5351
8829
4311
9693
5598
2669
1119
1629
3896
3963
2779
5472
3072
6450
2725
1275
6326
7598
6978
1998
8446
7685
9739
1337
6099
8359
2463
9606
9766
7232
3660
1469
2413
7971
1163
4364
6992
8634
2345
889
8950
5124
2713
2022
1575
5439
3297
4253
3037
6628
6252
7835
665
2343
9172
6764
702
7987
6370
6820
5219
6382
4642
3985
706
5805
8349
7698
791
694
4939
6093
5818
7653
4467
3745
9444
4117
7999
8833
745
603
6668
1410
2946
2192
4526
3649
179
896
6821
1750
7278
1463
5735
7984
7268
4084
2035
4412
1130
3326
505
3301
7331
4973
7046
3127
5442
5045
8312
6187
2000
4980
3949
4947
3524
4827
4948
55
5723
1769
1806
9353
3233
7541
3690
501
7978
2077
1265
5460
5403
1771
8761
2735
3096
5808
2214
8538
7205
527
1077
9206
1859
1378
505
5384
6205
5453
5439
8280
7222
3597
7633
455
7491
7675
7309
5469
9752
8574
929
1508
6697
9691
595
6145
1851
2809
1035
5408
3336
2112
966
5196
9842
1471
6932
2399
6924
8723
7031
4147
2321
4665
954
9812
8692
8263
1633
8445
6838
2562
9953
9887
8605
548
6033
6808
3357
7068
2217
3046
5533
3183
4594
1727
1007
1526
479
7931
249
7510
8430
8922
8527
9385
5086
7220
7648
6719
5665
838
5634
1970
7078
591
8870
3111
7400
2227
6531
5969
1625
8416
9152
6219
6496
159
7745
6975
4443
4347
4485
2873
9621
3013
8610
4708
6585
6259
1427
8602
3449
3413
572
527
4005
9442
9990
1405
8021
6522
7374
5999
1290
2878
2218
7786
9390
6316
4761
185
663
5599
9410
284
4964
8021
1344
1549
632
9124
151
4081
2537
7075
961
6542
2869
951
4299
7242
3825
8025
3241
1468
7256
5460
9254
2998
1776
368
3183
8791
5967
2593
5427
931
614
6772
8832
1246
5896
8983
1680
4785
2410
2641
1328
5279
9944
1979
2521
122
5
5763
1590
3613
1223
844
6611
9351
7564
9794
8142
3531
2387
3569
814
9354
6693
9646
6952
2589
8629
8632
7375
1039
7625
5055
2670
3922
3386
5192
4044
9743
7307
1986
3356
4882
9182
9967
4233
6747
6113
8727
278
4853
2296
1093
4207
5342
7091
1159
4283
2073
6144
8010
9464
121
3065
2135
395
2804
7327
791
2547
986
2777
2256
5868
1960
8575
101
8707
4689
5180
5337
9542
3828
2782
101
9170
9874
7612
3454
1947
3756
1464
1411
230
882
3546
6977
3686
7225
7769
2585
8211
6898
4841
4079
8858
3417
532
3917
8106
5712
9255
4000
9541
8389
4101
5063
8263
1713
8517
210
1822
9982
7974
8404
7216
1520
5381
902
5098
3150
9839
9661
49
4681
93
5259
4450
6977
9177
8908
2690
4784
2908
8583
3173
3361
3646
7789
5074
8516
4351
3248
4850
2325
1652
2066
198
7034
9320
5296
6536
9159
1309
6585
192
1402
8197
4642
8380
3726
3550
7422
4862
2810
6005
8035
6171
6003
2176
1246
871
6528
4494
5721
5205
2499
7787
5403
9533
7107
7051
6069
6267
8361
9007
6459
9763
3556
7454
4495
7282
1004
1917
2144
3815
4274
6531
6338
6630
8708
7584
7501
1588
8431
3223
6793
930
1010
2197
6815
4470
5600
9236
7089
3961
4595
3548
77
8151
1002
924
5433
8359
2842
7577
8526
3468
461
4864
98
9169
8801
3952
757
3584
7175
3902
866
4537
2451
7681
9007
8052
6917
6096
8365
7865
5997
8442
6016
3351
9367
1450
1710
8561
5379
236
8381
5840
1453
8480
1361
254
2432
8470
3838
5959
2373
4704
496
4824
8737
5856
2876
2006
1952
1242
9871
4301
6036
5888
7653
1755
3690
9363
6668
9069
5952
5050
1262
7405
9882
2623
4011
2314
1094
7849
4625
9819
8905
5121
4643
7642
977
3872
6000
9282
5114
5872
3583
7502
1760
1236
5610
5450
6952
2278
871
2904
3680
2133
6661
3562
1109
672
2228
8555
4873
6853
8374
3778
1975
3017
7772
9304
6889
3772
8586
8355
9644
8522
2210
7756
9758
7820
9558
3062
6450
6782
2318
131
8915
8979
3693
6376
6003
5922
4931
876
9127
3305
1006
1102
6323
8778
6759
9564
8903
5345
4272
4899
3867
6482
2656
9978
4302
8566
3040
7104
5348
1711
7235
616
690
7281
6992
6694
9555
1924
3922
8682
5229
4929
9785
7904
59
2896
3821
8962
8241
8093
3862
8461
4575
2870
4791
5229
1436
4183
8685
6785
5894
5921
7401
2937
9554
745
9631
9109
2669
9905
7791
4251
4834
3928
8507
4894
6824
2328
3856
1418
6773
4070
6231
7700
6940
1022
2929
8377
5205
1615
1514
7452
3888
8915
389
3442
9660
20
8903
8682
9925
6694
9285
1112
6975
7792
6006
3799
6473
6214
1569
3246
285
7800
947
3577
8822
228
1954
380
8195
3468
7832
2083
8735
8221
1877
4748
4593
780
3430
870
3827
2715
8334
802
507
692
953
3332
6907
2523
6579
3544
6675
3878
7121
5498
4106
5428
2230
2302
8896
62
737
3984
4635
8967
8732
5580
9747
2162
2802
3574
4877
1137
728
1736
1829
1682
5069
8736
557
8000
8632
7232
1878
2106
9082
5984
7534
1312
4638
2782
7726
5376
6766
2361
4343
5498
4293
442
7660
7096
369
8889
8233
1097
6978
62
9131
8399
5151
6040
2751
135
3273
4629
2241
8707
6965
9775
20
7956
2558
4098
9684
9324
6460
379
1175
753
821
5187
4201
7542
429
2434
4992
3759
8849
4123
2158
4000
6516
1261
4135
6141
2242
2729
4848
9207
2504
1220
3515
1414
5319
3199
7091
1779
3578
8266
8884
752
9805
3086
4646
234
1872
9638
3993
721
114
2503
1073
6630
3764
1561
2771
6006
4290
7619
1566
3146
8840
5081
4561
511
4633
8004
2290
4563
6270
7526
5315
6075
6964
6314
2662
5189
5952
6655
2262
6066
9159
3336
9048
9275
1249
8171
5282
1891
2143
6848
5037
7335
8281
5950
7846
2914
3954
136
7478
6576
4014
9145
9004
7331
5459
1666
2520
1412
4673
4782
3830
3832
4470
9231
3108
5719
7402
4742
3962
9545
7942
5352
6880
6223
1302
4726
5490
1609
1214
2968
4537
5229
8465
9893
8912
3925
1559
1432
1689
2585
2566
1871
2769
7037
1102
2229
9108
8505
6971
3071
4402
4913
8423
1283
7489
6077
6009
9331
4038
3576
8651
4928
8805
7116
4821
4069
7393
2733
5501
5434
5318
8067
7306
8087
1456
4760
317
6917
9617
7288
9988
4020
8554
4763
1655
2395
7192
7664
1726
7583
1240
377
2511
6397
3845
7332
466
1239
65
2319
6673
1735
6739
331
9823
4547
5092
140
1464
4709
3780
7804
5081
8686
2567
6736
7433
6112
753
9159
3695
8345
5888
6206
1095
9734
9890
7913
7325
9956
233
3998
1691
3324
682
7866
7871
5774
4358
9336
6835
4491
7140
8269
3177
6060
5005
6963
2172
2110
2474
5867
456
8363
8425
1551
4449
8315
9464
8126
4623
6049
2124
2667
9373
9158
533
7245
1284
4892
2933
8120
9383
73
2741
8912
6133
4098
5875
4657
6209
8350
6876
3017
3065
5301
920
3866
9969
6736
1992
944
2786
468
3611
8511
9627
497
2108
911
1741
5041
5383
7476
1467
8124
6388
7600
2223
8616
8610
4784
3318
5486
7801
6383
7140
8721
6601
3461
1809
8593
4405
4595
9061
4369
9459
8688
4866
1567
5952
6607
2961
1335
4083
4428
5812
6823
8380
4387
1791
6990
9171
5109
8829
3324
7844
5969
8397
4445
5782
206
3038
6539
1154
2100
908
613
7140
5774
8532
9444
8733
1493
780
9168
5921
2944
2344
4302
7331
4135
1292
2854
5597
6473
6178
3441
8794
927
7887
4576
1133
7277
1116
2287
5729
2024
9252
2870
4151
7785
8666
9236
9278
9446
4757
1552
8742
7101
5854
2425
7588
3498
5279
3185
9972
7809
2979
8766
8736
866
3343
9870
8143
811
8509
3873
9187
4114
3095
9690
1899
1761
8927
7529
7560
36
9081
2654
3489
4935
5080
1077
4786
359
615
4758
4521
3594
3524
3257
812
3219
9479
5307
4030
4341
5532
9570
8455
8627
9260
6706
6741
8187
4235
653
4575
9669
3307
8064
4604
4739
5494
5742
1451
6109
500
5972
6055
377
9229
3219
9948
5061
8526
331
9402
4059
9901
4209
9038
9161
915
2131
3701
5150
9136
8276
4819
2444
2693
5776
3535
8187
7870
4986
648
8371
958
3055
5100
6540
6274
5048
7953
4800
1731
7355
5211
1632
7916
4250
7146
8831
2733
7199
333
1870
5475
1505
666
4520
7281
4201
2707
5151
9188
9707
9874
146
2762
1326
3038
9036
2727
991
189
4458
4698
5400
6091
2614
6002
9589
7797
8736
6788
8131
606
8615
9636
1272
3136
3269
1825
2195
4772
1013
1903
999
7512
4665
2325
550
54
5052
7894
243
5863
2592
1995
8306
1559
7998
7895
9356
3086
4683
7487
44
3298
3475
7668
2786
3096
9493
4982
7869
6859
3237
5220
4371
4254
7545
1273
4308
8950
9167
903
4813
8112
9251
3119
9671
7249
7366
9027
6687
2049
2867
6731
1699
2694
4399
838
5791
244
5820
12
7103
5409
5232
1474
9663
9129
9100
3972
4431
8267
1227
5596
6379
478
5067
2402
4079
2433
7782
766
834
7001
7497
2534
9695
8248
9724
1838
8493
1896
1850
5596
7305
3434
3423
6968
8916
2523
7292
3347
790
8520
8944
3522
5350
363
2276
9430
2797
58
196
3631
7059
4046
2517
3107
8646
2241
4945
7139
4137
3148
9088
1442
6582
2511
4763
1850
5034
2055
1550
2176
6927
494
2050
2278
857
4327
1708
6
737
8256
3638
7797
2302
6155
904
949
8397
5849
4440
8886
8997
3528
329
1932
6039
5092
134
7425
3499
1684
5954
427
8530
4356
2705
5740
8683
765
5746
9421
9021
9384
3570
7676
5540
4474
8625
289
6675
3065
9175
2025
2946
5856
309
5337
7300
443
9115
800
2128
5069
1227
658
5777
284
6398
813
1049
2145
234
6422
7881
156
4098
9773
982
9075
62
7657
8493
5590
6034
1439
1446
6343
6776
8747
3139
2243
5899
5267
3664
3478
2277
9442
3762
8676
255
1163
7173
6841
3937
5054
6997
8036
4828
7979
7111
1242
1988
5604
3184
4375
3395
4631
7070
6524
9730
209
8767
5629
1828
2432
9107
4106
1874
9221
9134
8481
6736
6307
5322
673
7713
8671
8709
8893
3002
2173
6488
1342
4129
9672
5717
7525
4303
2788
4049
385
2997
9168
6014
1178
1600
1473
5284
9826
694
4418
8307
7430
7077
9981
4456
4790
8652
3165
36
8006
1690
6524
9349
5820
6196
5066
3345
6852
4206
3746
7237
3556
2914
3252
4734
4515
1077
18
693
1772
788
5353
5554
7865
1686
10
9007
6691
9528
9043
4697
1218
1919
4046
3390
8116
5465
3087
4968
9671
6833
8557
3227
9748
8161
4313
615
9239
4331
1308
1011
5119
3013
2917
9336
4700
9280
8344
1391
8808
3739
2440
6378
5659
2839
6121
127
8304
9208
1447
4327
6042
4
3907
5790
8166
8220
6405
7405
8904
4065
4768
375
3431
4037
9712
4483
3317
4408
2226
2125
4499
4666
4856
158
7505
977
6637
2161
185
8084
2841
6227
8089
6748
8369
2607
1320
1126
6364
224
1544
7484
600
4975
1521
6664
9458
4839
7424
1684
3316
1923
2702
8172
8434
6560
5501
5071
8721
5687
3156
1562
8266
7597
4662
6636
6556
5983
4114
9272
2559
5658
6756
9511
6985
8277
2527
6443
3116
9951
4479
2785
8227
3534
957
6661
94
6459
1732
5167
8498
1240
6730
6764
5189
7744
9752
8097
79
3867
7369
2639
9525
477
8502
6511
8755
1030
9306
8223
7333
138
1008
5560
3672
8318
2221
3766
4777
306
8933
3275
7898
2015
6391
3088
6112
6144
7537
6191
6363
4907
5182
5888
5384
3685
8751
491
4715
4410
5067
2048
4548
6075
7609
4572
745
6182
4690
5522
6488
9975
5149
4387
1991
7893
3827
8103
4037
7716
646
400
8975
5829
2640
712
9514
7744
1203
581
2154
6270
8981
3054
8698
2942
7626
5795
9125
8668
1318
1965
8643
2819
2704
6986
712
2883
5089
1101
600
2088
1501
9575
7917
494
287
7431
8238
7843
8012
6744
465
3345
6150
5515
6288
3776
1311
5413
8796
8981
7378
7439
1800
6435
4426
8865
9318
5867
9966
9918
7955
7820
5846
5872
4666
6133
9655
2904
3976
4019
6000
794
7365
2150
6309
3653
2278
7620
5418
1074
6601
9148
4865
4754
5583
9291
3619
4902
5159
9937
4820
9466
7757
666
1691
2423
3152
1346
1679
3480
1718
4031
4274
5435
2533
584
9088
4811
4556
858
2237
1158
6
7103
5912
5590
2746
5883
492
4257
5820
1664
3724
9930
8683
5415
2353
8187
3113
385
1667
1183
768
5942
6618
3302
2878
2058
8113
7434
2916
6703
4944
2923
158
856
4865
2904
3091
1709
7162
8912
3373
886
8842
8408
2653
7547
6595
2118
4284
4615
3302
5053
6909
9920
8355
9787
1979
2820
3573
4895
9523
8518
4170
9681
5726
9035
2586
8818
744
6100
7730
470
3338
6572
5230
5991
471
8178
4461
4756
2793
7763
9809
9702
4036
8164
5841
6015
984
9414
7262
6860
4284
1433
2893
11
6820
1831
8829
7565
7931
6559
4387
1269
9483
9617
3612
9954
7795
4426
1062
6940
2189
871
6642
6225
5387
8835
8592
2724
8250
2207
5936
2534
3640
8829
2545
6812
661
7726
729
4944
4285
5116
2566
120
1086
2530
6427
5233
6956
7489
2174
9146
4713
8816
1723
6452
4004
6668
5528
2254
8875
1464
1140
8867
6646
38
5679
7307
4116
6409
8603
8402
7877
1169
4874
8963
3700
1301
4197
656
5143
6371
6154
6208
1539
4230
2660
5543
898
4541
4149
9773
6005
1642
8640
2651
8032
671
6310
2148
7080
1266
6902
4958
2435
1777
273
2487
9430
822
9496
4573
7193
5650
781
5085
6232
9794
6980
7130
4335
7482
3255
6692
5476
8247
5696
3508
8919
8358
2008
2351
9624
8911
7309
8412
7040
3935
899
6470
4757
395
7396
8303
2398
4529
9740
8630
675
6720
2113
5010
4202
5368
8055
6030
9968
103
9538
8887
8461
1547
1238
4438
6810
4900
2850
202
8835
101
6672
9944
6849
420
8247
9247
4950
7987
4229
5625
1060
2694
6988
1614
4415
5043
7645
4383
1498
7183
3270
9959
5082
860
4397
8244
5760
3599
8446
947
3701
1471
892
550
1891
5491
6149
3193
3479
6730
8819
4539
9425
2159
6153
3840
3554
3798
8223
5052
7334
7845
5011
8768
8705
5761
7013
818
9360
1811
8117
9413
3282
9009
6315
1526
4501
8816
4719
4332
5547
9890
5223
4972
2049
7728
5164
5603
7879
3387
655
5213
7584
5667
333
6289
7780
3698
3459
3492
5510
1577
2906
5144
6938
5573
3022
1439
4390
7742
2123
9937
3984
7346
1261
6034
1427
6425
1637
9306
6164
2293
4519
3748
4312
1204
6389
8444
4903
9849
1936
6765
7778
1194
8261
4716
6768
1284
2508
7510
5378
4631
3799
9362
8330
5060
5396
6109
7837
3386
5415
353
2031
6286
453
2695
7490
6842
1139
2393
3043
9427
5510
7173
622
3772
1890
3742
5056
4398
7604
434
5381
1403
9796
63
2815
1545
6172
652
4931
1587
1005
6962
7873
1458
9657
1716
4652
7148
461
4048
6575
5972
1221
3549
9744
3111
3643
4800
3861
1247
1586
5595
9002
1382
5658
1817
9279
1831
2469
562
9770
9826
7524
3996
7636
3533
5712
2289
7033
6173
2689
3609
2145
3910
3510
1889
3374
3506
3041
7235
4753
4627
2830
108
2362
4841
1925
1641
3024
747
2204
2794
573
6080
3142
8210
5966
8854
6851
2999
1380
5892
2960
9877
9802
2823
8119
9528
6329
1160
3116
7434
2140
5946
7542
4502
7139
9468
2495
163
215
4699
9310
7140
7132
2452
1702
9450
7659
4905
8801
5391
797
1762
5268
6952
937
3387
6480
7266
900
9596
4700
3040
1895
8595
3894
9034
4415
6389
9198
982
7441
4860
8122
4573
7312
6177
375
1323
1082
9176
6714
8232
938
8335
5184
8227
8074
1664
5493
5326
7613
6546
8366
9508
5141
2260
4894
5908
8650
444
6890
2443
5304
5012
7016
8969
7541
3743
292
8624
2919
3359
6856
210
8046
8392
8437
6120
6408
3931
1447
4021
6829
6165
9881
8322
4778
4776
4230
9780
5220
1120
2223
525
2484
5591
5846
26
9334
6138
5002
2253
5849
8210
2463
247
6602
901
6368
9362
1184
4167
3384
4365
6684
3265
2687
1462
8041
3269
1242
9614
4389
3465
139
3225
9056
5985
3251
8390
8475
4605
6996
677
2815
9459
924
5769
6712
3644
1484
4248
4163
4868
8613
848
4485
7652
8662
8879
921
9905
8493
1662
9722
4984
4888
5131
7321
4491
9873
2148
9097
6869
9177
8264
2681
102
386
9393
98
1870
9994
4262
3090
4959
1462
7575
8964
124
2806
9885
6381
1299
1548
2456
2635
2788
7587
6308
7279
7460
4809
2728
682
3986
993
3363
440
7731
9108
539
5953
9102
1153
9043
414
8967
2970
9378
5443
5777
9263
8177
3428
7163
633
2416
9951
4572
8724
3583
2032
3533
6311
9066
7520
3656
2429
4312
1387
1538
1203
7340
6992
2356
2735
7406
7675
5706
6784
3119
1483
2400
7648
1263
5915
8281
3679
2219
9205
8756
5802
7589
2289
2113
6656
6161
2122
9085
474
3509
623
1677
7202
7616
386
9937
1374
4413
1995
8159
3884
9830
6911
1532
1094
2826
6165
1125
5045
5370
9881
847
2960
8523
9313
9616
4684
1435
8701
1510
1296
5677
9540
4850
9645
9926
1140
7371
4339
3135
5530
4576
9318
8793
6108
6764
1620
2274
7889
3017
3996
4123
3865
6956
2646
9530
2924
3682
7317
1626
5193
4965
3655
1085
9816
9652
1011
7308
7023
1702
6795
8906
2630
6113
7699
8739
2877
5671
7365
7119
8689
1361
7594
8906
8318
240
8436
1242
274
2105
9220
1819
7070
9227
2904
3238
5231
267
546
2255
8322
7342
1161
952
9807
5212
9691
9037
884
3408
2508
9573
4770
102
8479
9440
6694
3267
7034
6968
5372
2607
8788
8794
1834
8044
8385
7066
8312
5283
5673
2986
2625
3186
3938
8785
8398
9982
7822
9282
3390
330
5207
8160
432
3686
3952
7126
3305
987
446
5029
3594
5586
3824
1780
3631
8561
8846
1943
3844
871
1281
2822
4057
5219
1607
2456
5201
5781
8090
4944
6111
3298
9456
2895
3336
3409
6373
2994
4396
6819
8023
7990
2406
8199
9770
2389
6760
4969
684
605
5840
1965
3427
6250
7184
5034
5058
8738
815
3148
34
3278
2798
9490
2525
2487
2899
8898
5481
3647
2069
3504
7989
827
1704
4112
9568
8464
5433
252
5421
7625
2217
8848
3875
5754
234
8933
4492
7401
8434
878
7031
1232
368
9556
71
9620
4806
5552
3267
3228
5409
7609
407
7113
1721
9976
1929
7154
228
7351
4779
2446
6199
5007
4552
2786
3940
9044
187
8726
6274
7219
6311
6642
6775
6382
6262
7934
1935
5882
1162
7344
3491
1569
809
1564
1545
9090
5070
8126
6441
6201
572
8993
1208
5124
1779
1501
520
8318
227
6794
5537
6538
9788
8665
2921
2403
6599
1208
8285
4113
4904
8128
5682
2065
6044
3580
1155
1114
1706
3949
7315
8630
2942
4876
106
1073
2729
6978
9391
2956
3772
4929
5847
9912
9946
5120
2315
6545
2680
6952
658
3936
1432
2692
6001
7476
6272
3508
8590
4330
7457
2258
2960
6751
7134
3066
7824
6215
44
7216
9171
168
8497
1370
6433
8443
6490
8748
1340
9170
2053
8350
3106
3485
1042
5459
7314
3667
8968
5904
4349
2777
4514
7310
9529
8000
6728
7353
4215
3125
921
9739
3293
9418
1109
6078
4213
3952
4827
5553
3122
3232
255
2581
3069
1298
4392
383
1317
9712
6288
5666
2490
7154
9328
2019
5155
2409
9372
5722
5534
6646
5461
5179
2416
6571
1258
6630
523
2437
8535
9997
5669
8791
8930
8738
6441
3323
9122
4110
3035
1762
6128
5525
8916
5457
3896
423
7866
9621
6146
9752
6267
1607
4931
8683
4530
2541
5313
5053
4978
201
1403
6999
8992
333
2090
1785
8
7564
5895
9396
9326
8375
4921
4594
3832
5170
1370
8050
4791
3868
4154
1058
5475
9086
6093
6358
1627
7759
7763
2958
7960
9166
9957
3304
5852
8399
1441
5860
5963
3688
5256
1641
2063
6530
2588
2248
1700
3958
298
6491
7826
4453
3901
9653
9891
9994
2363
7870
7753
127
828
2065
9293
7138
1721
5145
1889
3162
7358
7853
6850
2614
9494
8914
9144
8434
1162
7196
2392
7812
3687
6570
8617
3940
2576
8508
3935
4939
2731
8040
1418
9911
6458
712
3401
8179
2209
5291
1342
9567
3144
8192
8534
8990
7106
7678
7425
4620
1227
6169
2433
4914
9092
1050
8855
1668
5911
9142
2959
8642
3534
4378
4905
9992
1442
8307
8172
3
3598
5866
5923
3094
4058
4457
2084
7517
8487
5861
2137
9714
2031
922
981
1123
1973
6188
9143
4236
5330
8454
2878
5216
2832
4135
5209
626
2442
9733
630
2392
5599
6553
5486
6009
7362
3923
9878
5849
9784
8368
1916
8167
9290
2897
5642
7615
9085
1137
1851
767
9592
1081
2335
2424
5217
7544
9403
4011
3629
33
6404
5580
2938
1890
7942
300
2165
7820
2501
8302
2540
4417
6469
8183
3666
8464
5798
9103
9601
4002
9870
9193
1435
2206
7970
6652
6102
7373
7016
6084
3758
3420
8016
3048
1662
5958
3348
3828
131
2201
2130
2671
2971
4951
854
6637
3415
3005
5741
9369
7007
1963
4914
8442
4169
2884
1447
6624
6609
8463
2708
6719
8235
724
9767
9897
3035
9467
77
3166
1669
8559
2189
4640
9863
9396
1277
9630
2401
3370
8999
5760
5334
3914
4202
5855
3150
2001
2479
6112
464
1539
2831
5051
8616
2599
4949
1651
2066
1378
1169
3735
9938
3358
4727
9801
9106
2357
5783
1507
5727
4783
3619
1061
5049
7822
6917
8199
6175
5748
4311
2992
7288
3495
8043
2256
6094
2992
3907
4512
723
1428
4600
7013
1138
9327
3166
245
1684
8949
8104
7412
3732
1724
4825
8781
5898
1742
3333
2073
3843
3996
5065
7483
7491
3109
9739
9937
2453
9998
4450
9528
1426
5402
6541
8916
4729
9707
9161
2766
8657
3618
178
8741
1694
1355
7523
7592
9450
7208
6017
3293
1204
1083
776
5048
544
6867
4985
9349
6865
5787
8878
4643
1189
5419
3559
2271
1479
9073
5037
136
9043
1567
8877
737
2922
2752
8329
8724
6312
4346
2017
3869
1781
9145
8917
8677
6012
254
8027
9229
2394
3257
3872
9935
8676
3784
2206
6507
9209
7243
6643
8252
5162
1873
8989
4437
977
3670
3161
7290
4368
1531
1159
6150
676
6428
4827
3041
3034
9206
2270
5428
2463
2495
5364
7492
2631
3922
3999
1840
1166
6995
92
2680
5220
5433
7117
6197
9103
279
9839
3471
1810
7350
5973
8838
3778
801
8231
3165
7
502
8593
2471
9349
309
6315
1980
4232
314
172
1750
7309
6616
4430
2529
2049
1548
5079
7504
8179
4918
7327
6341
2269
3301
1531
2399
454
9763
5564
6813
6617
4158
5636
5966
819
1951
4298
5051
2266
822
6801
5927
7438
7584
4809
5839
9132
9888
9695
3663
4806
7022
6356
3427
6675
7887
5827
7129
7650
1391
295
619
1901
5931
2937
2721
4235
7235
7772
6501
4409
926
8780
8199
8510
3589
4038
3994
3477
3733
7657
4636
7108
4013
8063
3783
8252
3890
913
2255
1634
7560
2874
3535
3491
5812
6256
7726
9399
4029
579
3809
1307
5712
2008
9817
9301
2399
3811
9131
6132
1468
119
3240
1833
8182
3376
6437
8425
641
8692
59
8201
1567
3594
8044
3731
6203
5771
3130
6584
2702
6939
7891
4766
5300
7708
4068
7699
1519
9551
183
9339
9670
9776
7524
4204
3152
3961
8981
3793
9006
5392
1994
6925
8987
38
656
1542
2161
3786
8126
1216
7078
6017
5982
8730
3725
6402
6429
1596
2305
2964
935
1975
2740
4811
2532
5892
8772
1513
6037
4130
3258
8031
1055
2245
4422
8063
139
6583
8202
8265
4151
5280
4282
134
362
4359
6536
3143
5955
8842
6107
6890
7169
8848
1701
6053
1092
6825
3919
7130
7308
7177
1513
4715
5774
5935
2779
5913
8871
981
4178
3022
2613
4812
3156
2975
9171
6045
6118
5126
1239
8577
8368
4760
3777
69
814
4870
3246
4733
8352
554
8262
9865
5270
4036
2153
4401
9949
1024
1734
479
4046
4347
5291
3555
3674
814
9600
6144
5940
7191
4721
4308
1951
4851
729
2765
9721
327
3850
8073
882
2112
4290
2504
2500
6443
3257
8801
3819
4991
9280
7866
9338
923
7773
9364
1737
3725
1860
4029
916
2933
4689
2867
7784
5418
1985
7505
5746
2187
1930
2980
652
2573
1836
3152
5368
5093
1954
9188
84
7586
7054
5774
8510
1179
1490
6599
4904
3350
6981
5820
6283
1670
5039
4068
3441
3376
7925
5539
5564
6208
4871
6216
8781
6707
5720
501
1800
7674
9689
8236
5261
3095
4010
123
4274
5500
3074
9178
5202
55
4998
7837
8078
6390
1905
7871
9766
6183
3410
1682
8743
8281
4250
3876
4988
9971
4377
3140
7645
4067
1376
9258
7162
1738
5733
1437
3590
8808
615
5144
5215
1966
2981
9645
4708
1239
7516
826
7422
7278
2509
2517
5559
6759
6393
6899
6730
7122
39
728
1189
7767
6338
4704
5857
2072
2493
5799
7232
3108
943
8799
1426
3925
8445
2486
5164
2313
3313
8938
9592
5822
1455
5151
8933
4200
8403
5664
7674
4794
2744
8864
2562
9082
9920
4771
7506
2413
571
4738
1873
7866
3538
9652
8143
8335
2138
3307
648
5451
8597
240
1273
6404
1744
207
6956
147
2223
4631
4941
1319
9847
3855
401
9767
4979
4260
2180
1902
8998
4053
9768
8888
57
7912
7223
2196
7571
4224
7647
6169
816
8921
8925
8912
5480
5882
5411
4055
513
353
5374
360
560
2127
127
1891
6387
8659
3793
1738
9064
9914
626
9122
4178
4202
1318
1749
4778
5317
4270
5594
590
3196
859
6070
5430
6270
125
5943
2975
1851
2655
3536
3979
9134
1779
366
7793
5573
8456
3209
5487
5435
2331
9665
9637
1
7766
4415
5319
2037
6361
5909
1585
7220
8332
7015
9843
4809
9310
2818
6661
1965
2706
640
1099
4486
7358
5244
59
2167
8453
1898
7602
7137
7915
7239
3490
5681
8006
5161
4070
719
1071
2007
4292
5755
5374
4135
564
4684
6953
3577
3001
9660
569
452
4146
4280
2048
557
6447
502
8807
4049
3991
6722
1288
7481
8755
5646
2643
2826
2717
66
1185
7009
2173
6560
1144
9089
7596
4450
2667
6950
462
3236
3754
960
7516
5803
1517
3963
2657
324
8012
6648
3398
5652
4129
2153
7650
3124
1331
368
9542
2517
7377
1715
5429
4874
805
9377
9324
3472
6327
9786
3060
82
746
6929
2237
8615
892
4894
5291
5257
1542
5041
7261
2023
7194
4912
1500
4878
5280
1042
3747
9009
2758
9176
3883
9915
4905
9559
9739
7585
5697
2799
4019
6443
9728
6256
1410
6973
1150
3053
8582
2692
8094
5843
1067
1641
7107
2567
6519
8739
3610
266
7749
2720
5794
7984
2635
699
7544
2374
4636
3241
1525
8655
6037
1254
4911
7447
4579
6061
6853
9513
5105
4947
1708
2525
2940
8816
5092
9459
7555
5054
6077
1656
7774
8223
9641
6761
5275
7185
5487
9911
6778
7013
8567
2815
4619
9830
6615
9198
2244
3468
8711
3701
4767
6771
6226
7708
5587
1319
3519
9495
2725
9597
1151
500
4172
7144
3613
9447
4329
9101
9359
1108
6114
4278
275
733
460
6890
6283
2704
358
1346
6406
5126
8117
8984
9186
57
303
2705
9552
9381
8654
7055
6233
2827
4200
9846
2274
4881
8947
7985
2341
1413
8615
2617
2146
9076
9507
4781
1780
6218
6127
4538
7696
597
3523
6882
654
178
5939
206
9559
946
3613
5792
3773
7813
5639
2399
9047
938
6737
1388
2352
5352
357
850
780
6217
1984
2561
2435
4463
3451
6483
5060
6974
9717
5714
3505
5656
2272
3064
2954
5886
5209
6727
51
7200
5479
5450
8138
2216
3191
6842
3920
3548
4045
4701
9765
6029
3614
8552
492
7065
5035
5553
392
1104
7619
3897
3113
6244
3313
6067
8482
8522
2795
4885
5722
4626
336
213
6842
3527
3407
7114
3427
7452
1815
3193
9833
5429
8097
326
2495
9485
2231
9239
589
9850
9488
3702
2446
2801
9770
928
7676
8917
5814
9750
3543
6150
6315
6737
6029
9723
3851
9456
7175
2019
9001
3361
7448
7099
3687
6295
6584
2270
5534
3525
8472
1374
7228
919
4176
6998
1847
8204
2267
7661
4306
5810
163
622
8899
6192
345
9102
5649
3872
1121
1002
3585
8570
8101
7272
1217
1037
5894
3104
4563
4367
4478
8143
5286
5006
1493
3485
3210
3760
1147
3869
9570
1310
4491
4821
3855
1188
3923
5856
1412
5045
6858
4998
9967
1312
8622
1184
8701
4517
4288
9616
8884
5119
7759
522
125
9252
4007
9688
3012
1506
3557
8934
9169
4400
107
3024
1940
4031
5232
3352
9076
2090
4702
5395
9754
9677
6579
8456
4194
7220
4424
9430
2339
2184
6304
8816
7788
311
8504
801
1818
8413
6087
7339
9165
6195
363
1105
226
1947
810
5654
4037
5512
7401
144
5189
3980
4952
5735
7552
9376
1517
9891
7912
7821
8708
5701
8133
3564
6502
6303
8330
8941
3642
7495
5136
357
8601
1714
2304
9411
3720
2693
1275
1121
9189
2817
1454
4141
8552
9006
3518
6422
5250
7782
4243
310
3483
2376
226
6337
5031
8556
5279
5025
6052
6767
5382
1005
4834
4038
6768
4906
3084
8043
2380
2273
860
3834
6415
5765
9192
6285
2187
4442
4067
6430
4752
3903
5159
1331
240
6542
9887
5519
1568
2291
8639
3302
3296
9825
3693
64
4731
6777
4460
7111
9050
5320
7297
1817
7437
6490
4454
5976
7284
4874
8759
8389
8777
3918
9720
9017
6812
9607
889
4732
1899
5880
4387
1547
5705
8080
1612
6788
1209
6072
3900
6611
7744
1197
8429
1534
4039
9235
7510
1324
4109
6269
9713
9238
6539
5785
4608
9704
5392
1849
4436
3643
7729
8823
5191
9786
3255
3155
6574
4464
5579
6826
1076
9675
4376
9505
1209
8415
5092
5072
6091
5554
7693
2156
4792
585
7941
5752
289
3334
7601
1077
3329
1682
9901
4872
1468
3156
4379
4395
7621
6310
1221
8697
5986
5597
4554
3547
365
5998
4971
6456
1552
2665
8613
2697
9602
6554
8449
9891
6240
2403
968
5922
4085
7221
794
1906
6730
1526
2653
4351
7836
3874
9400
174
5824
306
74
6189
6304
5045
8997
7857
4062
7610
554
3664
517
5355
9907
6757
7758
7228
9031
8196
4449
9826
102
1179
7704
2755
1882
5540
2981
7634
2067
5157
7940
2141
1346
597
7186
6696
4806
7601
4306
1712
1265
1175
7067
7525
7933
1178
4753
3316
9374
5554
9494
9476
6734
7198
8583
4968
9091
7916
8955
1158
3074
6895
3299
772
3844
485
7468
8650
4438
8127
362
5704
9302
3782
3229
3587
4960
4334
6904
4334
9888
6398
162
2974
3597
8745
7943
2688
3013
6898
3846
6087
145
3497
3212
342
3982
680
8992
8421
8807
5707
477
8110
9489
58
8049
4449
744
4953
8783
632
1352
5297
3607
1301
394
7902
341
3407
1152
539
5847
1297
4036
9059
1639
4370
9739
6984
9143
4899
2691
5972
9361
2180
2382
7410
2981
3126
2364
1764
3759
68
7061
3718
7721
3807
1620
4414
7214
2772
4953
3061
421
8989
2120
8413
9711
8212
1749
8855
3111
4440
4827
2472
2972
7210
6234
5953
6688
4950
4069
447
5018
7482
517
9091
1289
2137
3505
4855
1261
8458
7917
8035
3799
6389
2800
3511
4601
4549
8718
7712
5341
9897
6536
4665
3459
2771
6970
148
7721
1039
6947
9092
4873
7465
4535
2514
5954
8041
7369
3568
2851
5286
7955
3003
1676
755
2866
6277
1656
1584
342
3349
7833
3230
8014
1293
2353
1336
7793
6427
2375
4740
5519
3600
8557
6406
6114
4512
4447
3483
4432
3651
5122
2387
6654
6798
9494
9520
9427
7502
7456
6121
851
5289
9352
5217
2934
8057
6553
727
4484
5280
1820
3
8880
377
2762
1346
1241
7209
4829
5673
7212
9951
8060
218
3101
3906
6090
8881
1408
9898
5002
8611
5188
706
3828
4474
5116
6733
1554
9600
2013
3374
5956
7245
3751
8718
8591
1345
2279
9773
7018
9492
9724
1431
9710
9178
5337
2153
8059
6746
2051
9413
5357
3591
6472
5538
8066
1588
2271
9620
1188
637
9346
7144
7882
9449
5862
2826
794
8142
2599
7813
3986
8675
5596
48
7853
933
2201
5912
4031
4253
1678
5741
4196
8150
1279
2262
9738
9902
8234
926
6891
3932
4423
1126
3382
285
3952
4176
4779
2903
8341
5117
1578
289
5166
9432
7575
3719
1696
1606
4324
3374
3699
8521
1524
1330
7135
1262
1233
1722
8541
4476
5654
2964
5602
5388
9601
9554
5917
733
2457
4258
5850
388
900
7368
9820
8475
1088
1516
81
5412
4891
133
285
6415
1463
3773
4030
9048
5495
8923
3525
7501
8239
9127
2890
4192
5034
8807
4925
3843
9417
7128
4231
317
848
403
8792
8288
1920
5226
53
3163
5359
338
5930
6822
4111
6312
5871
5958
5235
5748
3460
3474
1227
6350
4019
6261
5157
5296
6457
4574
2424
7040
4892
9625
7444
36
7913
5716
5262
7966
8879
6973
8305
4809
148
8768
1122
6019
4727
2709
8119
8187
2536
9346
4537
6555
1960
6046
1851
8417
620
628
5457
1864
253
9253
8253
4518
4969
3515
2485
3848
6841
7142
5010
6989
5910
2484
9360
637
5193
7479
5176
4081
6825
6065
636
8785
2111
2488
3554
9084
9468
9012
948
6073
8265
5553
591
3235
9069
3076
3435
2262
218
4797
9251
2481
7281
8611
9470
8827
6090
4647
2908
9267
7064
9897
4405
9176
8737
7959
8260
8205
3323
5560
4278
1589
1114
1221
1176
6535
4298
963
8797
868
5761
8048
9701
9394
3011
9172
4573
9101
171
3834
8368
7235
3731
9125
6411
2468
7085
1023
7025
408
2936
7655
8349
4050
8876
5877
6937
9526
6841
2086
6747
8954
134
6448
4700
3145
5620
9274
8598
2143
3108
3318
9379
3191
2444
2142
5659
9529
9518
9036
6289
2454
6691
4639
2856
1919
516
9793
1446
3709
1879
8193
9015
8365
993
3716
7862
2966
9342
6460
5109
2450
9778
840
1993
8574
9335
7652
4455
8853
3040
745
1307
9731
5384
4163
1650
2252
308
9448
5962
2187
3993
1329
552
4987
5045
8414
7953
4387
1226
9414
3189
7356
255
5182
5931
9590
9186
386
8443
2226
1131
6102
8309
2867
6617
6312
1472
6925
5760
7434
9112
6106
8763
6016
1093
161
782
5398
4548
8360
4812
4090
5716
1419
9272
7999
1009
4811
8386
5804
7037
5869
8258
1699
5089
4875
8011
6561
1800
3771
347
7264
9877
9110
9632
7322
5623
6766
9072
6524
5126
3885
614
843
1656
6238
5194
9018
1049
3580
4822
4439
5802
9433
6138
891
4308
4149
7452
2461
4272
7799
6077
502
3261
2062
4176
8885
8828
3249
1761
307
7134
2375
7502
5142
4965
2696
4160
6015
6277
8983
6806
8431
4768
2944
9322
5428
3445
6774
7889
7717
925
319
8219
4186
2381
2396
9423
7561
1997
1184
7868
9131
9911
1722
625
4877
4419
4786
7244
7048
121
4050
5479
4889
6994
1153
317
6791
7927
4559
4508
5204
4878
9080
9390
3611
7828
5166
7524
9825
6350
1745
5308
6262
3467
5933
1139
7886
719
8383
1286
840
8785
3117
2081
2131
4270
2399
8922
8549
3310
3430
3753
8188
8862
9496
8151
6690
4662
5675
2867
1012
7420
4527
3626
7240
461
1117
1478
7532
5852
2765
4725
4637
5882
3158
6768
153
5557
5690
5054
5219
5473
8808
9759
4335
8304
7910
7378
2966
9938
245
330
3710
1125
309
950
7938
1426
2429
5470
7279
1546
6547
8268
3780
9706
5037
285
1615
7079
5340
6835
2552
4148
6594
3240
8804
857
618
8122
795
7215
8452
857
8340
5113
1808
6278
6540
589
8101
171
2135
1000
4791
5915
706
6180
6201
8674
3260
7893
5509
2164
2041
8455
5404
845
5664
2374
8967
6459
9590
3771
7317
4282
5237
5477
6913
1777
2418
5014
8300
4553
6014
3091
6820
3073
5624
9373
1747
8884
7266
3608
1048
5659
8415
2805
2856
4080
5179
8175
6891
1121
1947
560
5404
3536
6037
8669
5313
8455
3683
9965
9360
6049
9408
2533
9122
5032
8258
7221
268
1877
7181
7669
7536
5597
474
6745
9677
2005
4920
6568
3127
3219
3481
4883
6755
5870
3552
8420
4326
3587
8385
38
5988
4146
8923
1463
5530
3534
8684
5799
5411
5866
3468
9299
7815
294
6044
7492
8651
7317
412
8130
536
245
9365
3644
6116
2917
2064
6794
2856
6802
6832
8845
7300
2108
6660
2830
5642
5344
8629
1053
7562
8449
6704
5377
5095
9101
9221
99
6418
5986
8229
3306
6231
7595
6950
2347
6864
9015
9141
9721
2169
2326
4918
9469
4434
1578
8651
6428
3274
7281
3833
7189
2082
537
2566
3530
9638
8140
3629
6056
4126
8210
9363
6709
5805
2665
9057
2670
8032
8198
8743
201
6876
13
6022
7662
7943
4674
4090
7569
8307
7923
4758
6741
8461
3677
271
4451
1817
252
6860
2295
8463
2575
9004
620
5240
4413
3290
3273
8964
8385
9826
5840
4750
5849
3503
2693
523
7593
6615
8830
1869
1373
5571
6682
1402
2195
1133
9571
8799
4345
1866
7262
6920
7223
7883
8513
1636
7525
8138
600
2263
7964
2793
7013
3813
6296
6059
688
241
2674
5870
8462
399
7794
5144
1802
9989
2630
7725
8788
6975
9592
2403
248
3167
6638
8761
4803
4163
3251
1756
2778
1215
4549
6144
1381
7197
2203
2069
7438
1229
4292
5901
7980
2086
7397
6134
8427
27
3860
7215
3355
9804
5970
9955
2971
2608
5068
4126
3124
8319
5882
2254
5886
6783
8398
7267
3980
6953
5689
1419
8182
9981
3672
2515
2067
7421
5001
494
3801
8861
4061
3508
5017
6384
3463
4340
5344
8531
8467
8468
3202
701
723
9088
7485
5473
6356
1465
2427
2045
9236
6961
8378
9260
9476
445
6682
830
7291
483
6043
1352
3991
1061
4088
3806
5401
9433
8689
220
7901
1891
922
4976
979
8407
6802
3687
9872
9229
2084
5461
6190
462
4721
2019
7259
1403
2849
4550
8238
8892
2255
8581
6305
2695
2387
8059
2128
7428
8279
6382
9319
9201
7710
6651
3960
4512
6690
185
3741
5127
5646
6284
5589
367
4655
9201
8123
3856
103
2713
2748
8710
7647
5406
1406
6386
3465
3534
3815
1744
9916
9486
7298
7627
6137
1258
8491
9180
1443
2233
4307
3441
4869
6248
161
9524
1801
4636
3380
1905
7349
2480
6967
1348
7886
8373
7735
7703
8260
1550
9448
4528
1036
3098
2155
3526
4356
6999
9058
2152
9232
3365
1945
453
5965
2106
9977
7767
3094
9709
6024
6796
2189
2991
8144
6428
1365
5879
4131
5977
3781
9931
505
1170
3029
9013
4696
3738
6012
3754
2242
1596
3471
4187
2049
5788
2646
2026
3555
5740
1735
9579
2536
276
8923
7033
6704
6640
2912
7188
2617
6694
7119
3122
7864
6501
2135
8912
6591
8147
9018
5185
9743
8841
5724
1792
4629
4722
170
8185
463
8257
4116
9351
8534
9391
6384
1590
6031
5649
5130
8648
2343
8602
1771
6559
5103
258
1823
8046
4758
841
3231
853
9682
5307
8998
663
30
9168
5200
6845
3778
9317
6196
8664
5060
8933
254
1092
4582
5385
9740
3277
3987
7863
6188
5442
4474
8011
9840
9232
5204
9423
85
1238
4730
9083
1901
4760
4604
7102
1605
8382
2771
4154
7046
7831
3087
3652
8923
4021
9037
5016
3650
9376
9231
9838
1170
3705
4201
1010
2937
9405
6785
9375
6995
1516
8458
8896
2628
3062
2350
4234
7796
5121
4740
4842
9305
4179
8495
4580
8200
3884
9596
8202
9613
8828
8040
7135
8885
2241
8146
1823
7998
4931
1198
4993
2799
6008
241
5428
5423
2592
6014
3219
4065
754
4414
3370
1285
9261
7951
5837
3145
3899
4039
9110
9079
2079
6246
7965
672
744
6140
5022
2027
7338
15
4827
9698
256
6607
5121
9200
2621
4693
3266
9727
9107
6636
1012
8368
939
6849
7865
1191
888
3328
270
9319
9574
4587
6343
6670
727
1365
8697
4417
1380
9876
468
7988
6483
5589
7189
5456
6634
455
1535
2093
3443
8899
461
735
2100
4679
8278
9340
8007
4900
8659
3933
9488
5002
603
6567
2719
5652
985
4099
5529
1453
8440
8364
3394
5629
173
6381
2436
8060
8474
2231
6960
5288
9318
9060
9967
7596
8401
4326
2497
3412
4611
8337
4767
5214
4904
7486
866
2241
7938
2747
46
6378
7464
3441
8359
7637
6174
7147
5697
4648
9378
9009
9936
5049
8070
6255
2645
2823
6933
1494
2587
1544
9831
7354
6758
4736
4841
3977
3329
9131
6724
3376
5509
4188
3169
220
8177
9343
7367
3875
3991
3097
9236
280
8146
7306
2887
792
6481
9821
2286
9069
1365
8470
2775
4476
3206
3968
8453
6535
3099
1529
6263
4960
2070
9432
5180
247
5127
2547
474
5471
1997
9711
5751
143
3369
8638
7287
9851
8459
9574
5272
6177
8044
8047
653
7602
8368
9106
489
1467
6987
3105
6428
9057
2537
7960
9305
7665
6860
6131
3136
8857
5842
5239
5352
9212
3877
2640
5415
8689
8566
7039
4866
2962
1438
1871
564
9806
7329
7405
1274
4316
510
4054
3374
9400
8366
9031
3417
5226
5162
2905
435
1005
8144
5788
6569
8373
8428
8336
3414
6994
5375
4632
9956
6813
6503
6872
6620
3832
629
4246
8149
1140
4652
7875
6892
3018
6906
309
4597
2068
9566
5032
9425
7710
820
5994
2435
9248
682
5850
2594
6057
482
2550
9223
3338
5774
2195
7170
6404
2793
1671
3896
7445
9546
788
6815
6452
7449
1412
8521
7015
2797
4298
4725
3617
293
3512
9218
975
9362
1812
3385
6197
4363
2608
9535
137
1155
3057
2893
3948
4729
6789
7745
4275
7577
4560
728
5026
2325
5601
2041
5122
9899
3118
5091
6544
6631
4309
3872
2345
6122
3609
4894
6837
2569
781
3326
3724
3839
6220
4024
8568
3009
1769
9195
587
2681
6275
1965
5006
1876
359
6480
8128
3477
1572
1024
6460
2233
1248
8806
8355
4857
52
1544
7426
834
4871
7502
4673
1091
1526
9593
452
3295
8788
7391
5977
5064
9357
7335
3292
6068
168
7772
9545
8092
8797
2358
325
6397
7516
5033
1255
7568
6577
8681
8402
7800
6184
9427
5243
4062
9020
5696
7358
7809
9439
9687
9225
5148
7022
8869
1216
3542
6642
7114
1634
1791
9472
1960
8188
3340
3345
9443
908
6274
4477
5663
4075
7013
5090
5670
1075
4111
7718
4785
8272
7158
4472
3849
2306
7847
2718
9875
1389
5712
6989
3024
7503
2813
1336
2044
6153
4681
7839
3413
7307
2316
9076
7734
5681
519
3405
3109
982
1123
7894
9254
4633
8719
9455
6940
6566
2173
6815
7955
7886
156
7331
1741
2969
8667
3785
5474
9700
1625
8887
3360
293
7964
1094
5975
8483
4499
5436
9465
1975
9682
5071
6608
8401
4526
3548
4967
3051
6715
9275
7289
6871
6606
9031
6192
1626
9168
1666
1326
793
554
1038
1087
4870
2133
3414
3353
6632
5202
9170
8607
4884
593
1568
3286
1471
5116
4605
4522
8184
3880
8164
1407
487
7195
7600
2113
6363
5618
9791
3509
6172
830
948
7394
9315
4362
7099
5947
5916
6269
907
800
6862
2475
4086
8333
3943
8692
9208
8479
8924
7372
9887
9411
919
3839
7876
3634
9457
4020
7143
1982
1202
8091
9376
517
8805
6476
2816
4721
2745
3723
5522
5960
2550
5960
645
2846
1004
6205
1325
9929
9929
1212
5692
848
5051
3569
4483
861
7589
7978
2843
5143
6070
2219
5660
1227
5047
8476
5949
4145
8552
7823
105
1102
135
7102
300
1140
9660
1626
7421
9589
9190
3113
438
4242
3034
1273
1455
623
9251
4298
2118
1673
2869
7778
2901
7917
6255
8850
2062
1159
3025
8519
8613
3160
5621
8914
652
5281
540
8073
1223
6082
1187
8013
6676
4221
9286
8131
1197
4889
2429
3315
6563
5299
7446
9464
3216
3701
4666
1630
1212
7691
149
9825
7203
5770
8739
7856
7404
5631
5929
4979
1714
3468
2992
8390
4042
8630
6522
1591
3519
5303
1258
82
6954
8704
5898
170
8757
6916
8152
9969
959
8301
9795
8163
424
4886
2371
4180
518
4652
9159
8584
8121
2151
6974
8515
781
9848
6458
652
1504
7716
7087
8458
6421
9337
4981
1530
6254
3133
1500
7213
1435
7647
1728
1859
2533
4099
6039
3051
8752
1550
1635
3225
3701
4962
8092
834
1162
4550
7838
2666
2266
4925
1125
5039
4263
6106
2922
517
9239
4422
4082
7026
8421
5811
8885
954
6262
1276
358
1366
2826
8345
943
2879
3307
9035
65
4470
9937
7904
3488
8556
2829
4613
9947
7092
7071
2869
3961
2663
7291
4396
9689
5712
6559
4927
3019
2821
2555
3377
540
1734
1722
1483
4613
1382
6871
4679
2204
6808
8935
5692
1716
1764
6658
1664
5209
3729
4533
5522
2744
8177
9918
8786
3889
6477
65
3260
5651
2620
6637
6191
4354
4712
4026
5320
6094
897
6351
8298
4058
5286
342
5774
7050
7000
3790
8611
7082
8324
4134
6178
6501
4052
4964
6742
6882
5029
3
2533
4002
2992
8724
8356
7704
9102
28
3798
0
6379
8448
410
1665
5143
2536
8716
2143
6327
3679
5577
4651
7813
1756
7504
8218
3072
4246
5100
8102
601
7633
2104
3594
2709
6812
1298
1811
6841
1449
8163
3220
6249
4925
4886
1392
7462
9954
9888
3789
3633
1817
4792
7799
3573
2296
6017
6646
2894
1117
1100
3496
5102
9556
7090
7811
6368
4740
5974
9561
2541
4138
2782
5143
5415
4020
2887
2877
326
2775
3018
311
945
4162
4462
870
6458
479
7516
5705
7948
4968
9201
3050
4524
2643
7213
7245
3735
3188
6806
2629
3678
5940
7772
9093
6312
7011
8323
2990
6139
1341
3302
7084
5504
7764
7954
8314
4596
1823
371
2544
6791
9572
5595
7668
8567
2808
1265
8655
2348
8071
1284
6026
364
5408
1472
6676
2419
9795
9667
8558
1136
9321
1994
2992
3437
9949
7659
8033
1772
8030
6930
4915
3955
8877
8935
2522
8037
200
1177
386
4624
8813
2764
4988
4221
4236
8016
2993
4031
4035
1551
1520
3356
3546
864
3146
9847
8523
7531
7971
2906
4461
9238
6861
3338
8174
5735
1376
8374
3265
8114
9350
2078
878
4338
6300
5115
2355
9293
5498
6390
7196
3370
6099
7094
4235
9245
6941
9110
6776
1264
2016
7590
503
5229
928
8677
965
8656
3403
4230
6770
2754
2660
4001
3444
8960
5468
5799
4605
966
8542
8154
4337
993
5248
8572
6590
8542
4034
3366
6158
6051
956
6661
7632
8237
1690
8597
3245
5094
9179
6368
7848
1840
369
7644
7152
5837
3444
1758
3155
8338
6264
7492
9331
7864
2416
5921
2758
6451
5639
8917
8854
2948
5578
6486
7537
7269
1436
782
8715
615
7150
2915
2455
7519
559
9608
9708
355
7718
2864
8693
334
6708
4376
8198
9125
6649
957
1928
2289
6226
7134
1589
1804
3620
9126
5425
1408
6260
4140
2024
3411
3407
831
7282
3967
6791
3343
4322
861
6207
9368
1195
2915
3744
9394
8392
6746
6703
320
5387
2929
7454
6976
1085
7427
6102
6511
8835
8714
7003
7211
2125
411
8043
5760
730
1186
9103
1404
2048
5310
772
3243
4577
869
8989
2970
7615
5692
9642
3002
8621
3449
9978
9707
7228
2432
2570
2415
1146
9573
9627
9624
6336
4022
5384
7066
5208
4487
8471
7256
6149
5595
6852
7078
6464
5841
48
4079
1534
6043
3433
6507
5844
9763
6214
3072
2195
8784
5487
9694
4710
1466
5670
1046
5488
1054
4465
7049
1893
2936
657
4394
8531
7509
1472
1348
3351
7873
1779
1237
3916
5213
7744
9760
4976
3959
9184
3524
9095
4671
3218
3805
6138
8888
4852
7978
6294
5669
5027
4539
8605
5685
8933
3488
3194
405
1188
2897
4630
2968
4134
8546
8181
1879
4658
9509
2190
3842
3033
1285
4866
2603
5091
1004
1491
6295
8982
4137
1964
362
8676
6921
6047
7609
6761
5593
4367
7950
8491
8997
7270
2625
3896
1803
856
4906
1312
3046
8749
4346
684
9967
6949
2127
971
4793
4774
6305
8930
3090
3019
3959
6363
9066
7920
3124
4660
8639
7426
3151
7637
1048
2128
7885
2851
9337
2791
4164
8735
7892
8510
9419
7859
1811
1546
5182
6604
2672
7840
1887
5762
859
5846
2125
9926
118
1602
938
8758
5380
441
2747
6429
8921
6984
9280
8258
9775
9796
6994
4020
8306
6413
8231
118
4312
3414
3074
3336
7606
4961
9099
8465
7159
7576
4743
3630
9178
5681
2388
911
2474
1487
7340
1396
8471
2972
9654
4598
2769
6648
8618
7427
9414
3202
3897
78
2968
6972
3414
574
8285
8865
5391
1797
6442
135
5427
1972
2168
4167
2883
4643
5654
6575
6039
477
9548
2045
5075
8669
5046
46
6096
4460
3248
9994
890
6216
3318
4304
3142
1603
9522
8533
9752
5964
8668
5179
4288
7189
9346
7172
1832
1352
3747
4223
1829
9647
2620
6905
8316
7666
3303
765
8478
6551
759
9368
9119
429
25
8613
2032
9547
7146
1785
1863
2167
3316
6151
9356
9015
9675
7540
367
3423
8115
8549
9422
735
1806
4091
8402
5109
4856
6880
8012
5615
2601
3483
2396
8978
2096
4428
8525
9242
2565
6740
1409
2234
2891
7117
1249
8919
4657
7968
8694
2772
6517
8116
3508
8323
2207
8262
9784
7063
1494
7796
9030
4095
1279
1426
3073
3375
2207
7950
2618
1124
4690
379
3358
3934
7497
959
9205
8506
5280
7899
1279
1797
6015
1139
6473
4575
5753
6257
7990
7247
4054
3373
7695
1685
1151
7120
5061
9710
5071
4031
835
6113
762
545
6399
4611
7857
5604
3118
3137
3503
749
4934
5871
8240
7759
446
3993
369
4788
7592
775
8161
5287
2460
9313
2408
3873
9023
7479
7904
6210
9944
8667
3108
6344
3278
965
8300
2748
4102
1804
3497
5388
4027
1737
3148
825
2082
9869
5613
9675
644
127
4962
3104
9440
3722
6978
4815
1201
1234
7378
7498
6253
486
194
5884
1451
8494
8632
5553
298
8482
7293
677
219
6793
1502
8654
6662
7116
8329
7306
7243
9643
411
3035
3366
3741
4202
919
4975
1580
8417
1229
8418
8611
7113
9869
7106
5745
1774
3756
4227
9068
4434
799
2213
2288
5805
8876
9404
4134
6182
2999
3777
2945
2386
7143
6686
2941
8063
1662
873
2832
2891
9292
1444
6356
5513
4902
8453
7288
5010
9033
2708
5796
9832
4921
8085
1989
3797
3841
6123
6332
6841
6252
9277
5579
3396
5964
8520
7811
3978
9394
6995
3221
8686
8439
9577
4199
9693
8030
7839
1056
3415
547
6852
9599
1821
1289
1588
1970
5131
7711
8302
8324
3964
3932
3903
3712
6248
2424
7875
226
8170
4870
3447
6856
9662
9376
7407
5707
3758
1599
6763
7174
8498
9968
6773
319
1257
8362
2290
6388
2425
6944
4712
2741
876
8616
2805
7124
7392
680
3702
5562
1903
3501
8770
7917
2877
2529
3624
2988
4128
6740
162
2627
6708
3287
9298
4317
1649
7940
706
427
1237
1770
3168
2113
6738
5974
5590
4130
3006
5644
6044
1261
9146
1166
9178
2023
3696
9155
1363
4176
5895
7877
3155
8955
1165
2454
3272
9166
6746
330
9593
7983
8453
9114
6449
5191
5088
8391
5674
4446
4035
1718
5708
3181
9237
4886
1557
2933
393
2920
3461
2640
798
6617
1595
1963
5423
1220
7481
2169
7902
7075
6505
6355
6189
2954
1547
7629
1345
3573
2075
5380
1643
4135
8562
880
5374
6471
165
5767
9391
3627
8408
189
244
6355
8504
2019
3927
5986
4188
1830
9413
693
4537
1954
9999
2436
9583
1344
6009
8010
3077
7653
2146
7991
8533
7520
4462
5051
9639
3853
8678
8047
395
5274
755
5251
7293
4682
7589
7833
6512
7002
4879
7402
5308
4878
9838
1243
2575
2200
5606
5652
9853
7752
3643
4738
1624
4457
6141
7615
8310
4819
5663
5057
6445
6418
309
90
7452
7898
7924
317
1253
9155
7719
6561
385
3909
4157
2960
6109
9763
4964
2314
3867
4959
7053
1843
9416
3194
9458
4079
4366
1473
9136
811
7891
5797
7254
1696
48
5178
2013
1301
685
9732
4214
1070
3641
8371
383
9751
4486
1699
2065
8353
6659
5470
196
2427
5017
9655
6506
5735
1128
1995
2898
5372
7792
152
7068
7840
1682
5433
5493
2367
5165
6060
9790
5158
4431
173
4909
5270
1872
3327
3623
4883
5149
3820
7311
6518
9827
3817
2253
7307
2164
1504
9031
9957
1656
2451
4149
9691
7884
9643
2058
3049
5703
8200
8208
6486
4725
9469
1756
6598
9148
1732
7833
650
1904
5144
3520
1731
5314
5774
5390
7478
3630
4422
3787
5286
6873
7937
4977
4758
3932
3388
4159
5987
1588
8719
2473
6314
4541
582
9264
41
8666
7097
691
570
8594
4212
8653
260
6338
4043
7738
9968
8465
7878
1606
1691
5815
2936
6449
6099
2676
6960
2086
616
5680
911
6930
221
7845
2546
262
6511
5996
7306
7081
942
7870
5734
1202
4208
9778
5292
528
4595
3170
8486
6286
5337
7774
9087
1436
450
6048
9874
1067
1728
786
4349
8301
8631
3248
4915
5143
9244
2221
8576
6538
91
4311
7740
651
441
3032
7531
5036
2555
2370
7675
4244
144
6762
5681
595
9162
5555
8014
890
2693
2363
9191
1325
1963
459
2820
7559
2680
1396
4097
9124
2059
1837
6127
2500
1222
11
3889
129
2381
1564
4373
2525
4678
6406
3120
3841
8314
7486
1083
1007
9850
6627
8684
8165
7086
7856
5725
6118
9253
9822
5242
1312
8012
7722
165
9234
7733
4054
5715
114
1970
88
2639
3000
6495
2112
3193
4809
9598
4277
2168
5800
7256
853
3966
4342
8709
9691
460
4314
9513
2055
1979
7525
9777
2144
3111
3862
2550
8826
3976
4520
5267
2967
3872
1762
1431
7066
2923
1030
7695
5091
3182
4951
2296
7148
9293
7358
3191
6105
8024
9057
4512
3
2934
641
2147
2398
4503
1049
1224
4831
1921
2843
4151
5794
957
5582
9212
3880
2964
6907
5324
6147
8210
3972
9647
3855
7682
9191
9960
5707
8248
825
2062
7534
1466
562
9932
5970
1611
7509
7153
3533
352
1304
5679
1310
3239
4891
1542
6203
8150
3218
8702
6360
7191
4702
6567
1225
245
2879
6932
8493
3704
8995
2379
5171
9557
2312
7493
7520
6173
998
1053
2877
2303
6732
539
1894
1623
2082
8097
6125
5300
3152
2485
8843
4206
5404
69
4451
8284
3353
9296
1988
8700
1675
7159
8257
339
1004
2130
6512
2003
3183
9390
658
9916
9929
2552
7891
8363
7001
369
16
6505
9206
8859
711
4611
5280
5162
2895
8634
4458
4883
7334
2486
8395
1944
2825
5751
4074
5690
7754
7257
1432
4764
3525
7713
7316
7769
6077
670
8138
6093
7175
7344
1304
4239
8307
6585
5753
1202
5219
212
6086
8905
9050
833
849
1875
6584
4923
3917
691
8533
5349
5455
8410
3063
9124
6179
5492
9794
669
1585
3321
4366
9241
3912
2673
5826
9666
3876
7397
6230
6314
6303
5280
3499
3504
3507
83
8428
7425
774
3313
2774
2582
1723
5837
1706
4255
1329
7852
4924
9266
7525
5642
8508
1438
4668
686
1104
8544
4436
3686
1210
739
8966
4709
4243
2473
1144
9023
9898
8271
2336
9025
853
412
1214
2559
4667
8896
411
5943
8162
4288
7938
3022
5726
2606
61
3182
1150
4497
6868
8712
1588
2186
9773
5831
4660
917
1207
910
9188
9895
6287
41
307
7502
8952
1326
6398
5715
3622
912
4
1560
287
5730
4166
348
5265
1668
4845
2133
380
6433
4320
6505
8616
5332
7422
6175
2594
6611
6071
8882
3004
2730
6384
1957
4057
9134
4024
7679
46
4028
5591
333
9759
9757
7033
5024
1425
1878
3509
8157
4663
7829
4662
9632
9513
8436
5807
2108
1399
8230
7342
4404
961
78
2713
1370
9212
6737
5401
5610
766
992
2296
6877
749
9329
8253
8526
7560
8114
3035
8575
2296
4049
8207
1809
2485
367
269
3885
8597
7611
4641
9558
7689
7354
7280
6901
443
2681
8864
1209
3673
1160
4438
774
489
9043
5652
4401
7158
8687
2977
9454
2736
1184
1263
1574
1551
1533
1811
149
5496
6452
6059
3186
158
3340
6439
601
2373
5303
1811
6047
6463
2601
6821
3305
1645
2474
7706
8803
7513
683
4609
6602
8220
5872
8176
9771
3757
9987
6272
5606
2791
8684
8792
2949
8376
5231
3550
749
6887
1713
3148
9702
4315
6322
3007
2312
5148
7066
1115
2661
7749
2076
5615
2321
7948
3791
8445
8058
130
1069
3664
2921
9753
8808
2222
4481
391
5773
1583
7278
7486
4731
6981
8153
1053
6340
465
2553
3406
7932
5215
7508
8
830
9829
4309
974
8274
8719
7456
9344
8735
6730
5449
7543
8952
9931
4286
1077
7866
1565
4916
2597
8546
3069
3
1238
9887
8908
4645
4171
4123
2153
532
1306
8334
1193
8632
6609
6264
2440
2305
4999
5522
7754
8894
4475
4037
3180
1904
8255
1097
6820
853
5995
6242
7208
7234
2481
6116
1879
3004
6592
384
3536
4250
8718
1081
9234
1679
7345
1674
3984
8696
7197
8091
3942
8024
8480
3475
9928
6736
924
3101
3941
6920
9343
7501
506
8176
3617
8737
1180
6561
9121
1069
811
4191
8502
6397
5871
2200
8072
6207
896
1621
650
1191
9645
5483
4666
5925
2219
1942
9026
2512
8862
4721
13
9368
9249
9982
8105
6782
6544
3578
7851
3707
7770
2705
105
9993
4905
4529
2552
2154
6150
3203
3345
2147
5038
4363
8072
7257
6305
3451
6121
1520
4524
2486
7240
126
2468
5346
6908
5364
5276
1111
9072
3046
3816
9177
9391
8722
3706
1944
7228
6208
1499
6925
8355
6537
1288
2779
146
3945
2582
6267
1817
7107
8753
9058
7233
1221
4404
493
2938
9680
1604
2010
9079
5420
7539
8470
494
7597
6766
4074
3805
8265
999
8512
4802
2287
1291
4948
2585
3874
7567
4402
7333
2672
3460
918
246
4216
1411
3184
249
3015
5194
5680
4787
2733