15001
520
949
597
435
775
940
411
719
660
211
486
90
198
430
282
813
821
960
684
687
771
808
793
873
616
423
14
967
160
849
949
130
575
904
808
304
511
471
261
574
724
151
775
288
684
27
436
988
917
706
779
680
851
34
967
577
956
239
813
699
611
471
109
950
458
889
723
265
93
749
211
118
550
337
540
841
581
856
7
924
317
53
910
10
818
879
11
969
197
501
896
101
529
479
734
906
446
378
864
645
378
735
822
621
321
164
5
921
262
965
655
494
668
39
587
749
387
882
579
158
299
717
205
227
776
724
749
964
638
282
961
191
631
984
210
299
704
471
117
334
765
912
184
934
5
44
814
436
436
312
652
505
871
769
756
398
547
539
802
34
109
706
35
470
9
875
153
606
600
198
7
931
887
350
254
553
242
538
211
437
199
998
188
488
167
411
73
153
101
630
714
470
222
962
181
845
929
985
914
559
111
600
77
934
875
415
661
741
537
934
241
831
103
832
653
726
371
54
614
138
259
759
310
353
371
281
432
163
166
303
389
490
729
884
226
574
772
549
221
463
106
750
320
549
312
314
672
351
624
105
893
350
397
681
272
823
816
238
546
694
44
282
597
358
614
514
143
955
749
66
422
663
109
483
96
78
137
681
785
823
929
451
685
802
747
704
849
199
648
736
850
144
124
337
478
551
583
5
795
956
474
543
487
930
985
415
477
598
274
348
713
767
204
576
779
369
559
551
634
499
438
871
97
819
450
6
24
785
639
140
680
733
28
132
386
399
79
307
730
572
613
344
748
823
917
187
585
69
595
55
619
749
871
590
816
378
336
542
951
437
923
888
32
921
595
900
765
412
665
627
861
706
275
358
323
249
189
243
970
104
714
48
309
245
119
392
140
200
911
285
839
464
700
130
115
302
621
170
284
571
759
229
417
629
245
774
978
537
365
547
406
937
250
206
885
640
667
114
520
228
717
911
843
118
65
770
947
882
213
659
478
299
349
206
443
77
272
58
234
306
826
675
78
544
675
808
411
597
614
505
307
484
8
20
484
388
286
791
33
448
698
143
776
39
128
346
558
136
668
156
668
334
861
87
921
106
972
18
576
169
633
708
232
123
754
184
451
621
668
295
742
682
488
955
459
12
685
800
492
9
860
916
110
132
714
706
180
98
665
927
263
450
818
187
490
803
321
618
698
472
542
534
890
435
792
38
734
278
770
759
985
732
249
558
173
21
842
658
661
728
271
404
302
833
444
724
861
786
50
10
855
924
61
110
218
27
346
308
186
549
147
150
615
446
400
227
153
902
544
171
183
50
653
813
81
976
635
1
350
848
621
99
689
602
526
92
456
337
309
612
743
730
747
368
593
580
438
346
717
681
999
662
320
723
519
875
893
263
337
97
992
37
438
18
625
576
613
777
603
432
418
563
581
314
955
368
625
724
396
182
573
217
370
49
164
450
624
89
441
987
541
351
205
191
298
819
920
248
517
829
871
805
470
252
764
275
899
430
368
811
916
184
683
965
202
804
498
251
159
986
780
150
457
584
306
360
845
71
429
97
677
581
971
205
794
625
695
34
770
741
924
801
964
363
23
298
296
424
419
354
578
443
838
443
941
122
8
98
497
936
872
58
564
854
600
344
360
61
209
137
866
788
528
213
151
720
565
399
962
265
450
848
732
266
354
759
210
981
507
746
164
625
906
642
711
1
517
566
358
473
557
586
985
22
783
771
767
973
855
402
444
305
34
137
381
603
565
754
658
581
620
316
271
208
89
907
888
793
244
771
672
244
861
892
929
126
698
140
118
702
446
279
947
789
614
54
876
600
324
765
270
523
790
627
967
649
692
582
391
117
946
539
895
39
757
696
559
180
26
606
112
658
355
930
633
415
153
480
177
134
809
520
459
1000
134
6
582
800
591
365
133
503
799
456
462
474
236
273
586
21
68
454
169
182
542
800
722
930
371
978
775
696
821
413
902
535
404
663
119
802
22
437
800
480
244
20
932
263
682
993
706
904
655
998
395
805
110
723
901
866
302
260
244
934
518
341
517
705
877
432
171
656
627
249
44
528
31
234
447
399
316
858
539
454
885
568
543
182
152
622
730
116
593
705
37
554
634
955
666
34
137
620
523
263
320
557
352
226
28
879
118
760
448
890
966
1000
701
978
262
506
865
499
576
977
917
660
646
350
964
131
132
277
20
211
680
980
52
51
22
22
249
484
73
317
261
882
888
625
391
961
59
693
279
843
918
506
114
928
188
34
538
543
91
259
870
543
362
822
279
908
209
206
290
981
640
5
235
229
487
296
887
199
628
783
119
164
587
260
947
401
663
651
668
493
181
898
735
749
589
685
210
244
199
99
87
314
701
424
540
184
219
956
304
988
940
996
119
312
98
938
942
339
811
941
767
362
851
362
404
167
603
676
326
311
908
277
958
542
375
357
513
896
145
348
140
710
414
558
542
247
16
78
152
986
330
324
629
459
420
409
896
823
680
229
239
680
809
991
672
88
350
5
86
443
515
369
621
194
200
424
147
592
612
669
259
241
546
84
963
844
581
550
973
934
811
682
118
632
571
100
654
809
101
1
937
978
812
273
672
87
2
211
235
583
717
31
153
886
797
118
634
887
592
74
612
715
540
477
465
520
113
581
388
319
662
956
547
532
170
122
121
452
656
521
320
236
303
925
616
349
208
903
630
211
775
268
371
778
887
498
576
660
457
783
400
522
418
893
183
850
31
808
97
930
886
817
269
295
106
837
706
711
650
733
732
734
579
689
75
805
438
39
759
233
744
718
811
334
934
884
391
555
380
152
35
685
321
883
39
568
399
937
294
562
370
463
772
778
802
506
996
958
871
532
75
109
172
798
248
784
446
99
759
340
285
37
478
712
957
351
151
93
25
693
840
633
459
321
123
964
156
114
168
465
324
976
119
657
989
394
709
406
290
463
501
891
915
389
785
716
972
442
425
320
35
349
125
278
153
882
598
796
207
869
238
517
279
104
908
771
72
84
352
326
133
151
132
24
886
918
904
595
86
301
913
630
533
588
308
915
850
466
549
758
615
176
80
370
49
731
408
90
156
692
989
222
405
733
401
581
774
685
517
395
53
114
425
860
714
264
813
645
718
222
749
170
572
260
774
904
745
840
226
994
175
666
905
265
572
801
294
646
358
333
944
939
963
840
261
857
988
694
561
77
161
395
572
265
56
58
646
30
49
717
192
589
558
778
24
637
937
816
499
313
656
96
802
831
113
281
70
876
401
207
797
754
330
988
667
427
815
563
455
620
668
525
781
613
452
690
57
687
359
489
684
682
739
131
307
358
92
299
454
205
328
742
192
667
684
418
18
741
326
229
951
458
499
307
746
512
479
840
307
895
228
463
767
973
316
689
355
358
665
868
8
771
912
422
669
604
802
236
743
798
891
746
984
849
316
669
861
960
353
205
449
452
806
865
110
522
453
687
781
945
620
687
453
428
43
593
236
98
310
175
754
599
346
5
76
552
30
530
195
159
152
341
749
114
461
312
103
198
688
89
941
980
916
440
719
207
436
752
759
670
734
201
187
37
978
392
760
395
429
729
750
544
400
604
528
960
794
609
418
997
166
352
281
448
815
275
423
878
596
84
218
748
732
16
254
89
56
463
362
852
190
96
93
564
265
195
109
574
213
882
864
988
195
181
968
946
953
805
763
896
645
764
909
620
445
953
341
658
103
282
296
75
363
969
61
137
872
785
698
277
42
237
540
101
997
202
800
488
567
528
836
156
964
574
319
702
719
587
386
381
286
84
32
244
222
588
534
499
234
748
281
171
872
621
527
484
221
714
718
130
735
335
802
922
272
326
453
296
396
236
743
270
602
824
86
128
241
305
681
959
714
712
523
70
553
467
893
472
597
69
153
266
576
850
431
597
643
447
683
344
62
745
134
629
667
672
853
347
376
621
454
292
615
739
459
754
802
632
2
569
812
447
171
785
263
737
812
622
30
382
970
641
841
263
650
83
132
602
633
742
38
606
180
417
833
741
971
804
989
424
450
222
312
345
374
812
892
175
544
52
30
796
96
573
871
741
222
33
600
596
930
100
868
922
387
572
12
423
923
840
835
415
546
110
958
472
28
761
462
425
826
121
985
790
940
681
862
306
409
451
537
852
136
292
529
786
282
378
825
30
437
403
462
162
266
811
557
770
133
705
577
942
348
849
54
115
585
223
868
32
680
556
959
884
629
629
334
211
570
597
114
702
897
743
593
626
919
729
294
680
828
332
720
729
863
91
650
226
382
470
802
440
382
312
404
549
18
403
959
470
68
626
242
188
258
784
93
165
269
449
625
239
71
747
580
109
207
22
530
593
311
840
329
752
658
292
818
997
474
554
961
442
405
226
987
520
176
957
34
113
233
333
633
170
933
503
229
298
782
546
467
761
761
548
511
72
541
499
249
630
918
729
119
790
576
906
130
748
199
272
638
39
111
703
533
215
77
50
810
38
304
453
343
136
244
17
743
714
875
41
43
263
61
972
572
162
909
187
820
539
717
185
37
165
185
352
195
395
603
746
561
721
808
890
515
303
499
895
910
625
888
305
209
92
362
900
722
121
896
86
760
582
192
773
367
800
702
732
699
723
73
111
674
872
440
964
97
12
740
147
783
196
773
436
751
899
969
824
10
487
318
451
854
434
463
30
714
154
765
860
178
23
207
321
590
363
746
297
839
523
738
305
833
811
656
528
921
603
815
402
276
159
547
236
219
821
53
732
113
542
155
757
600
108
571
392
233
451
644
540
461
587
840
631
521
558
612
671
228
316
177
199
31
749
431
729
692
141
761
779
600
546
162
792
866
742
18
667
10
107
480
793
990
244
166
748
418
39
855
319
184
798
629
213
636
283
243
798
541
357
561
137
725
429
343
803
349
937
569
33
345
160
143
295
389
605
212
1
737
525
555
898
776
838
829
885
50
675
614
659
564
648
208
128
187
528
730
658
186
753
434
130
660
113
76
363
930
731
550
484
204
154
419
309
768
309
31
854
281
743
412
25
195
647
802
32
391
326
715
628
469
43
771
957
693
881
888
359
547
632
739
522
241
450
96
174
404
679
94
631
455
138
129
688
719
607
844
549
690
410
56
442
544
64
209
787
9
712
928
389
197
716
701
296
622
798
635
584
511
955
754
127
457
267
261
526
664
575
333
696
410
462
606
721
636
505
686
75
981
833
908
526
101
212
722
498
128
935
481
669
398
91
69
845
199
297
345
880
525
677
846
717
361
513
252
27
360
895
233
639
164
675
406
951
387
134
185
301
1000
950
958
286
353
956
226
809
296
367
674
956
528
312
196
937
200
416
354
54
943
968
264
722
234
638
197
70
136
602
944
121
193
416
756
390
130
325
522
831
665
611
84
559
115
84
996
101
724
178
695
275
703
492
351
929
597
761
646
371
729
543
575
496
73
973
359
196
574
91
13
575
110
5
686
305
372
637
210
110
581
439
748
995
239
11
326
75
802
350
499
816
592
767
735
176
951
731
542
261
216
724
310
398
909
343
562
157
764
379
28
752
535
873
201
48
734
719
116
457
429
749
968
445
882
714
572
157
801
498
742
986
826
320
759
767
350
221
642
691
118
105
674
987
220
887
794
482
549
802
377
487
99
700
913
698
136
443
123
893
222
973
947
393
614
587
935
691
55
852
44
800
71
471
182
295
542
695
680
213
598
577
594
472
397
531
716
378
159
495
327
191
672
899
795
605
132
860
856
484
203
19
100
6
816
347
308
709
46
274
233
733
875
947
937
403
699
827
810
754
525
434
61
370
754
245
96
154
570
658
798
755
209
6
638
831
999
262
601
417
559
763
638
298
300
420
5
984
195
74
873
805
174
924
778
775
964
344
26
924
261
729
362
511
352
980
372
433
115
295
119
940
808
615
429
579
277
407
670
410
159
951
863
227
877
644
471
404
707
499
129
800
366
245
548
775
385
207
161
368
950
15
154
445
104
498
584
935
790
678
706
408
706
683
7
452
156
213
418
845
966
332
243
667
878
968
649
529
611
802
45
456
213
735
398
315
101
785
110
654
841
353
939
277
833
195
825
466
504
364
623
35
826
214
233
719
937
150
565
933
775
43
258
249
618
181
215
858
773
447
123
589
706
963
475
890
240
857
978
466
768
435
231
121
937
159
334
689
191
764
527
16
364
333
359
334
1000
974
915
266
805
281
754
410
367
173
50
204
134
226
921
466
751
968
294
260
313
450
111
239
270
934
98
438
921
641
982
86
148
766
933
596
587
692
235
973
985
501
803
130
279
236
653
489
744
45
502
315
381
178
616
707
547
878
490
137
239
210
490
211
152
465
790
689
897
261
945
978
195
721
127
262
499
333
647
888
831
398
713
270
134
910
326
351
547
100
44
104
131
6
522
56
794
713
407
418
319
405
625
450
487
522
201
794
752
244
517
187
449
971
755
302
867
601
359
493
406
644
513
590
22
156
229
162
795
766
754
531
353
322
641
792
177
314
127
388
98
246
817
106
730
30
415
210
515
29
557
401
255
37
790
922
766
476
914
384
339
604
555
787
774
134
306
642
304
969
514
710
320
107
152
821
511
896
358
459
236
568
688
932
645
447
850
52
129
14
16
463
958
244
947
793
355
264
973
106
921
941
438
386
820
712
970
266
637
399
142
601
692
411
235
700
905
109
737
703
564
927
262
348
549
437
207
206
252
298
112
829
20
656
457
119
531
247
895
911
715
363
467
913
323
939
44
667
145
645
940
723
136
970
70
295
201
808
141
943
535
74
606
363
579
786
464
756
631
200
84
742
347
761
902
66
213
140
809
517
785
442
747
156
557
304
658
481
348
671
724
677
748
783
597
982
435
399
247
601
927
687
66
327
950
791
729
630
953
263
193
334
678
517
572
69
328
170
70
409
799
979
102
46
967
890
981
499
772
242
719
284
415
309
97
22
446
727
70
637
141
754
331
447
139
229
900
199
691
892
785
854
927
716
579
249
586
198
176
83
563
576
235
258
375
959
130
575
457
996
780
357
648
805
196
202
831
348
985
267
101
8
938
549
104
725
948
392
812
58
983
899
425
397
133
695
521
313
272
882
286
961
487
559
415
114
667
250
6
811
532
487
171
246
723
425
791
511
716
98
724
752
904
410
415
889
270
348
851
469
506
923
334
158
882
757
163
348
318
720
169
865
267
210
39
784
130
462
693
30
98
197
41
543
87
295
453
104
225
476
366
690
366
746
96
941
809
133
326
278
625
439
523
890
885
244
119
392
182
168
150
61
425
57
960
785
11
680
967
989
121
359
423
848
667
456
890
673
812
613
370
116
252
641
195
168
207
712
868
512
766
232
967
559
16
185
504
956
901
128
254
428
8
600
43
411
465
900
139
91
590
475
509
921
627
638
913
291
119
586
404
542
581
727
639
253
962
513
924
860
209
563
734
398
956
207
539
387
530
571
414
368
360
725
63
266
161
753
487
523
617
857
481
747
178
447
160
143
729
646
778
587
930
677
953
189
414
344
58
477
359
123
735
549
317
130
873
549
618
848
373
190
508
16
689
563
91
709
110
28
479
279
57
244
810
130
86
846
189
403
701
89
483
15
976
340
864
809
727
732
935
231
583
994
310
327
225
376
835
702
480
457
269
670
770
690
718
127
661
787
741
498
118
964
429
722
877
469
985
440
757
204
375
943
326
627
952
164
849
441
771
937
173
254
58
482
41
800
574
956
226
600
11
113
848
302
482
299
337
803
119
849
321
905
487
485
798
639
630
189
647
302
413
409
217
647
767
368
902
824
899
791
547
741
718
325
302
648
954
966
501
644
290
228
580
49
749
309
625
911
589
398
953
438
281
109
791
876
151
311
163
358
933
327
110
588
669
857
889
547
877
106
495
613
773
176
418
645
517
327
463
114
254
878
526
875
866
23
649
849
152
348
140
130
4
749
266
749
25
178
852
857
605
469
396
159
368
857
651
678
522
899
329
399
605
50
704
325
974
58
52
631
610
298
164
159
427
277
281
547
783
991
153
164
466
505
706
521
180
139
449
387
411
300
497
79
60
943
918
871
301
234
345
745
1000
70
387
633
763
341
877
233
623
482
247
308
653
709
127
265
590
751
308
690
935
684
521
185
44
176
809
919
727
203
970
474
240
125
100
103
643
245
154
129
738
917
208
831
922
244
546
406
640
449
127
928
716
802
484
886
611
114
412
388
52
49
499
998
788
784
664
528
215
835
477
639
730
809
587
221
437
742
209
201
401
240
896
12
404
824
563
216
277
858
596
966
120
974
989
109
817
44
751
650
614
646
55
802
46
821
589
346
443
364
428
998
700
604
104
665
211
805
684
35
520
384
302
154
584
353
640
307
110
362
620
413
174
783
808
319
965
741
483
598
230
93
425
350
164
706
90
616
344
136
964
760
477
364
299
761
641
390
985
91
477
130
496
892
577
391
674
648
590
324
610
807
70
410
988
973
96
828
394
458
478
689
692
890
991
767
42
826
179
416
970
885
96
339
467
745
543
875
322
852
672
107
913
878
110
164
772
708
318
597
476
278
341
555
849
300
644
131
654
5
471
829
136
745
931
457
578
110
294
272
641
456
927
812
596
666
727
263
176
59
326
387
195
85
180
545
991
804
963
690
817
807
267
648
48
205
114
298
36
555
127
587
528
196
574
403
380
204
403
279
111
965
785
921
460
229
595
167
313
937
938
902
448
999
908
970
959
719
197
904
90
901
730
24
846
991
179
13
713
288
434
153
666
765
531
739
286
263
128
686
840
524
401
577
395
711
884
409
309
722
308
48
351
308
744
512
838
587
204
91
498
812
340
459
871
61
69
339
229
484
615
45
708
509
692
409
796
275
631
359
470
744
179
418
323
582
36
752
77
827
658
388
5
593
894
875
602
469
76
110
669
723
100
754
451
808
477
159
88
638
1000
448
1000
189
220
268
588
529
522
350
913
451
498
776
721
298
303
304
952
621
70
818
592
459
325
937
615
101
192
210
91
274
554
512
221
771
774
517
422
703
690
517
390
831
896
743
818
353
685
44
308
15
526
413
445
669
526
333
732
363
274
667
957
839
561
822
137
109
297
369
731
401
351
259
343
950
28
209
411
169
436
361
678
744
880
982
984
109
910
721
420
725
69
59
458
772
135
506
84
730
7
347
102
159
408
359
658
587
53
630
687
658
78
430
892
949
656
808
262
271
337
565
630
533
574
718
270
684
372
205
100
854
665
125
185
582
775
161
989
371
356
861
604
622
720
498
152
542
531
295
110
922
992
156
749
306
815
617
625
561
993
696
942
158
941
211
201
633
290
843
535
331
29
809
427
354
489
572
550
454
653
525
632
146
987
629
934
559
159
528
701
457
785
767
940
574
989
180
799
17
825
779
91
511
70
865
356
58
142
574
587
484
254
156
763
822
333
367
625
468
625
990
615
788
430
53
593
19
520
175
630
977
886
218
385
317
122
398
271
620
620
908
351
96
836
485
689
852
247
648
257
373
463
185
371
687
627
775
942
580
54
40
267
717
818
398
68
341
349
667
667
344
304
316
387
665
358
389
52
338
909
160
547
311
261
936
823
515
879
146
464
793
279
150
621
318
441
871
404
472
462
790
351
177
69
681
932
133
293
125
538
820
318
296
214
952
640
412
273
588
818
981
681
914
46
83
208
457
293
703
457
608
557
541
595
263
174
236
398
656
774
211
268
373
86
362
722
843
55
831
627
300
266
465
357
668
479
757
464
101
91
98
628
394
517
397
866
596
391
377
147
76
217
144
820
265
333
419
252
33
11
400
435
880
205
640
53
629
269
941
160
116
886
958
778
776
576
588
885
906
486
222
897
625
596
758
565
559
318
488
777
179
714
231
58
227
805
771
973
53
423
611
577
352
437
344
287
390
150
650
602
552
500
465
273
424
714
316
435
953
148
823
39
944
662
59
522
164
743
387
457
479
867
922
326
587
371
810
284
579
482
200
113
93
346
625
935
521
984
231
798
89
671
909
299
616
25
650
656
908
195
309
586
996
899
647
231
307
471
816
113
261
233
493
290
337
30
840
813
589
509
807
610
629
485
196
521
611
945
483
528
766
989
493
574
655
741
817
840
603
593
180
826
69
182
633
752
379
273
64
850
767
146
362
264
968
249
766
395
278
950
109
348
270
9
367
270
854
452
55
678
729
23
776
660
170
743
569
930
310
635
977
511
821
255
677
599
764
96
732
119
876
694
647
787
91
772
905
570
192
599
425
526
103
500
851
365
814
983
223
599
643
677
56
896
928
954
36
961
12
282
386
959
990
587
567
16
544
750
131
528
878
35
111
507
288
134
337
560
98
838
309
451
376
679
235
223
665
898
297
995
754
766
18
757
490
711
202
864
757
938
976
855
311
127
889
509
971
259
989
256
580
570
872
211
681
48
656
430
866
239
714
249
950
272
511
889
522
377
978
92
528
100
116
705
489
816
109
325
814
337
286
275
334
388
575
817
164
747
852
25
249
604
763
176
705
138
230
147
133
634
993
202
640
792
252
532
969
656
51
688
676
338
453
541
348
33
391
894
767
357
621
473
357
16
236
22
208
653
297
122
312
211
792
989
260
202
231
345
313
464
475
237
972
128
337
961
743
648
297
808
40
537
375
726
234
152
983
192
265
968
834
815
789
433
682
733
414
102
956
665
680
722
25
918
252
110
883
880
140
965
482
613
417
304
807
259
884
710
423
346
724
423
721
687
582
783
659
222
366
669
20
416
951
271
509
437
32
721
823
137
528
680
243
731
846
820
770
399
778
757
507
812
558
741
764
754
268
270
243
444
387
198
209
552
406
26
581
86
239
319
491
764
453
62
212
213
885
339
732
515
967
854
326
140
199
736
664
727
799
1000
340
986
381
462
273
859
398
713
701
583
349
281
161
229
311
397
463
166
784
239
966
131
192
449
7
230
172
943
574
346
53
616
249
929
628
962
116
973
814
41
646
768
101
851
264
631
88
825
829
56
716
772
866
665
457
668
111
879
785
299
688
655
932
988
420
54
112
908
615
401
667
275
310
381
304
218
78
684
635
172
295
298
589
153
863
661
77
900
16
716
855
449
816
938
869
857
759
237
177
781
38
741
320
808
214
935
615
317
208
734
772
74
446
846
408
531
197
286
611
14
205
523
449
386
943
635
844
623
396
917
77
20
925
348
672
236
546
702
194
472
970
931
443
59
214
108
315
303
203
415
586
539
908
815
636
268
641
395
791
706
908
621
45
113
904
878
306
167
307
741
714
892
765
774
460
457
879
759
395
847
604
68
974
540
109
724
464
429
42
601
610
275
995
802
17
153
814
362
885
288
974
639
354
545
245
98
259
923
955
465
277
999
581
898
631
110
451
348
412
997
641
500
367
291
463
969
871
588
795
577
836
671
985
88
558
387
83
121
842
3
305
950
553
622
787
257
547
450
223
218
255
353
237
665
814
532
350
804
304
856
326
235
601
841
193
938
985
210
401
454
401
515
988
150
244
564
756
494
543
883
525
733
888
142
133
375
701
376
983
509
973
461
156
572
108
277
425
696
685
892
163
124
568
566
122
542
688
556
246
393
660
499
559
915
113
935
786
810
815
473
690
394
809
273
889
528
313
138
576
15
993
249
752
65
371
206
904
601
889
14
195
829
204
674
831
231
687
570
235
735
91
866
520
25
966
774
701
995
629
172
547
869
822
558
813
347
417
688
755
855
985
194
270
420
5
15
936
305
268
971
395
263
623
637
685
771
719
592
823
243
901
796
642
150
938
517
713
316
917
221
178
744
820
923
203
702
616
96
945
820
656
303
640
317
562
326
805
619
660
408
770
66
901
404
784
153
131
361
31
957
947
613
100
727
50
303
447
351
334
655
596
643
330
189
796
469
310
981
626
398
767
359
913
837
820
562
486
233
36
732
569
746
660
454
91
457
830
322
591
111
984
462
200
542
64
460
681
626
977
413
249
252
102
310
262
798
175
55
430
512
363
630
205
250
998
101
266
339
547
20
714
334
607
92
651
44
735
706
450
971
346
603
625
855
946
563
970
197
249
988
880
971
41
654
293
324
877
651
329
451
725
520
763
259
599
783
880
793
223
94
685
40
907
376
907
835
419
30
186
515
359
889
859
162
460
206
477
741
206
327
684
681
23
192
608
802
566
768
249
145
882
3
511
959
73
53
299
310
525
490
475
512
635
896
579
921
268
202
861
395
665
249
623
950
231
6
879
653
823
749
728
373
625
872
749
339
90
690
104
614
442
210
488
378
739
261
158
528
643
772
400
722
267
160
235
265
8
907
101
152
611
729
191
163
693
704
539
141
631
152
409
142
943
295
427
411
452
233
54
147
588
214
249
617
923
438
217
54
576
958
710
715
971
757
584
354
850
160
178
588
874
636
852
950
667
701
876
643
416
583
852
743
38
554
100
175
672
149
278
32
667
715
894
615
718
738
244
848
333
127
232
877
769
304
460
405
760
260
77
932
921
808
948
35
917
112
683
252
741
136
889
885
227
824
547
466
809
225
249
485
380
105
360
229
788
450
330
672
661
375
98
767
893
832
974
131
905
507
221
820
682
450
858
412
432
930
415
153
361
524
89
531
721
844
866
117
444
403
562
591
761
161
705
711
414
513
977
935
898
783
759
890
334
686
53
962
117
606
692
270
435
337
573
903
56
339
361
807
356
966
852
840
996
742
427
678
437
338
638
641
12
977
278
498
114
430
79
34
186
587
487
620
305
133
746
725
895
771
488
658
269
938
200
812
470
766
994
263
871
641
9
711
107
344
892
249
125
780
351
630
147
749
718
190
817
513
566
935
624
185
539
997
546
576
260
20
222
359
465
741
889
235
359
602
870
204
812
471
791
951
538
535
642
412
152
458
120
528
309
229
84
70
880
839
630
445
826
340
446
880
18
408
255
329
651
89
770
90
875
573
183
313
130
336
347
745
608
232
791
346
926
107
740
351
30
44
366
368
398
512
547
292
988
891
668
538
799
13
937
86
555
968
841
470
936
71
546
381
969
732
136
963
813
160
245
882
350
805
260
673
502
450
415
785
119
442
734
231
809
875
268
77
166
831
896
392
623
841
834
330
774
350
5
152
98
493
898
164
459
345
604
359
816
786
556
940
233
162
340
796
559
478
724
838
350
177
616
140
934
348
408
850
88
771
340
656
610
100
150
266
723
12
907
236
964
878
34
922
837
613
118
617
975
395
709
53
529
528
366
335
156
160
977
80
771
391
239
575
529
362
364
970
182
457
1000
667
710
385
78
818
658
209
714
450
489
611
336
731
399
576
704
655
489
178
611
818
637
531
402
101
592
76
816
334
217
603
175
14
684
186
560
363
363
461
2
698
299
125
500
593
174
621
219
969
768
621
820
432
159
361
100
587
438
454
498
730
852
953
600
538
883
194
146
993
744
927
697
392
96
263
1000
736
574
801
375
226
238
993
754
302
318
822
244
388
660
300
317
65
797
789
526
181
181
218
227
702
77
970
764
572
41
492
779
634
418
894
362
159
269
126
771
723
19
691
650
758
44
832
784
638
952
880
927
783
356
30
547
870
300
883
512
265
725
76
621
317
976
854
821
427
688
923
843
116
818
950
853
691
794
299
424
786
228
49
950
899
184
874
643
243
495
290
391
632
495
635
583
216
348
442
870
601
150
743
693
127
778
618
134
425
84
724
262
14
188
990
490
895
112
736
589
533
201
54
317
851
154
455
724
521
972
194
894
535
448
498
824
902
562
778
102
792
198
898
86
469
304
222
453
327
416
254
111
741
106
629
787
351
621
932
158
559
432
863
850
231
589
934
116
418
337
690
809
789
306
230
943
848
322
950
881
557
935
483
20
730
709
724
743
542
594
259
164
670
298
290
995
475
617
808
750
98
211
262
362
970
176
526
743
731
305
353
614
316
391
606
344
215
388
299
259
815
599
663
581
789
442
110
199
677
265
938
318
765
203
939
89
337
74
209
144
898
203
646
885
965
696
158
720
777
753
717
59
154
620
948
592
159
460
229
906
665
195
153
849
757
908
850
537
861
255
186
621
976
612
856
176
546
604
294
735
262
723
86
878
259
286
320
571
821
891
392
851
642
280
384
26
474
200
727
490
302
429
348
364
511
19
905
929
252
52
443
799
265
902
292
821
589
375
682
932
218
522
662
286
874
167
230
753
515
109
381
794
4
946
189
588
715
692
317
930
204
630
270
254
964
554
525
401
169
634
114
970
485
574
658
751
822
8
564
511
981
662
155
690
971
559
837
199
305
579
304
896
470
223
759
924
558
506
492
511
616
291
323
603
191
374
400
99
294
541
503
444
717
229
304
807
261
706
974
105
829
468
813
417
358
706
132
643
267
194
615
530
890
650
917
159
479
231
683
530
249
457
444
53
720
678
750
621
914
296
921
916
14
357
964
817
996
281
521
202
511
30
918
450
732
761
761
929
40
563
432
172
684
404
249
427
279
835
106
310
635
595
738
614
310
421
768
723
970
783
818
776
675
579
212
718
526
910
734
21
239
814
970
583
366
59
432
376
824
393
864
99
775
635
344
870
496
557
539
977
561
316
788
527
382
935
660
742
675
77
201
177
89
137
368
732
426
555
336
265
799
612
869
896
431
320
806
210
59
871
985
558
391
633
655
153
876
685
952
642
1
553
381
176
560
579
97
752
839
687
286
614
991
264
203
384
192
787
607
762
495
632
96
725
343
775
645
763
913
635
866
184
190
124
702
547
296
542
16
56
633
29
622
914
917
547
249
687
133
966
548
838
32
300
500
398
636
442
930
784
475
786
496
901
303
857
200
212
902
833
223
870
477
209
790
196
748
810
855
415
938
630
954
394
346
638
960
941
416
847
55
467
857
262
346
424
550
730
465
113
629
189
91
350
423
177
249
244
542
294
153
231
959
770
565
486
492
762
201
55
249
141
96
32
48
136
923
761
504
690
108
944
741
874
544
16
32
757
899
126
234
37
720
734
210
991
204
98
110
132
66
810
689
417
301
519
565
150
528
255
424
241
687
828
264
316
434
783
509
79
679
213
804
316
966
406
845
644
980
937
447
4
307
277
435
770
942
549
112
619
102
208
792
372
28
861
966
714
703
58
711
143
42
978
333
995
135
923
703
22
705
944
913
379
355
419
312
620
816
593
138
296
877
874
36
379
603
849
621
442
973
202
658
543
622
519
854
488
317
263
234
921
226
771
921
963
772
495
611
794
3
394
135
100
468
684
131
458
74
41
301
759
249
158
983
77
592
678
476
270
956
847
525
451
709
951
776
23
749
194
138
813
86
445
684
72
981
607
960
472
136
106
654
392
793
455
726
222
541
544
637
16
692
525
683
766
763
297
794
239
967
203
450
636
395
535
8
966
765
594
922
909
528
26
687
348
834
339
465
669
897
617
550
632
211
231
875
557
277
318
346
349
141
350
525
953
275
221
861
483
591
116
28
526
190
629
606
946
944
962
36
454
861
150
412
685
358
896
680
160
303
787
324
955
669
310
631
310
264
265
818
8
453
490
718
530
168
701
214
56
16
696
656
391
170
574
929
263
961
737
114
46
439
408
491
54
19
723
351
322
105
729
539
522
931
724
414
183
235
163
461
278
60
51
429
405
560
420
812
22
119
890
204
291
18
426
959
832
501
812
450
513
827
943
85
243
166
519
525
496
768
700
538
721
170
530
249
479
211
329
11
698
979
154
645
683
673
614
461
738
468
615
785
300
403
537
485
880
464
879
258
84
795
453
390
970
906
950
773
12
236
784
131
469
223
684
517
297
756
811
391
770
717
291
652
939
666
315
959
44
22
406
838
857
478
218
602
441
923
383
509
463
569
927
103
140
429
307
91
298
692
991
805
741
900
683
692
852
543
673
898
137
830
639
677
792
231
930
514
853
814
978
707
150
120
932
651
982
191
969
672
141
995
560
643
57
239
967
962
52
629
278
372
541
62
40
69
924
277
946
448
645
296
402
941
344
988
868
390
879
114
492
530
207
715
306
68
430
58
846
845
304
92
549
155
739
663
965
897
579
980
953
560
171
766
102
935
98
591
924
892
97
156
229
705
714
226
239
323
898
787
323
784
270
805
668
438
776
625
910
906
808
59
707
956
764
811
451
231
778
464
826
784
701
914
666
246
353
835
717
288
857
296
269
89
358
678
736
533
214
575
950
320
810
28
654
612
773
822
543
158
368
188
297
114
154
879
734
31
179
601
16
576
451
766
513
202
844
120
752
453
756
689
832
276
399
441
656
541
831
295
700
690
694
655
733
842
710
204
897
308
710
817
841
631
553
530
80
666
789
261
829
38
350
412
746
749
944
270
153
950
767
518
363
940
941
648
271
386
849
231
494
951
785
17
399
835
249
611
499
153
778
60
945
785
175
391
42
838
74
869
124
177
110
953
81
805
560
873
827
368
942
233
235
416
178
240
103
730
755
76
203
110
979
413
424
272
132
345
56
276
959
947
308
718
521
712
462
971
87
760
727
913
707
359
464
164
845
317
967
239
362
310
702
299
651
728
513
802
736
855
364
627
805
424
261
795
950
104
20
204
558
674
568
635
463
891
107
509
170
952
430
6
636
693
817
246
648
211
377
622
154
208
880
822
793
541
734
616
489
282
748
16
781
830
539
462
92
556
449
78
35
206
889
445
967
480
233
824
395
453
372
882
896
989
391
761
788
830
409
536
591
681
469
347
490
5
751
391
231
90
957
235
472
359
934
118
753
17
228
109
457
962
984
323
430
899
235
176
955
58
213
766
744
791
58
876
310
389
511
741
284
12
294
293
254
252
967
701
480
242
475
729
430
84
137
712
816
73
550
356
408
775
119
193
564
178
947
561
861
774
541
932
353
888
173
261
709
92
206
811
146
563
840
146
217
96
710
246
944
451
648
660
171
157
20
122
798
853
766
132
891
988
167
272
879
898
670
217
262
302
950
158
241
215
746
843
137
327
661
732
61
574
611
409
271
633
49
51
720
354
956
536
667
414
212
334
401
721
11
11
692
823
114
210
885
976
215
536
6
363
400
14
226
724
776
222
429
689
140
44
153
819
872
584
697
66
651
176
737
316
49
133
310
970
422
208
789
490
542
348
236
612
873
621
197
985
842
404
881
371
398
704
164
494
664
583
284
684
35
636
965
552
384
598
130
437
546
35
246
44
583
269
373
206
251
17
43
730
451
632
783
236
453
957
281
973
751
931
701
417
784
28
690
736
960
259
856
53
110
642
825
174
268
562
226
222
219
249
494
258
885
206
539
777
201
830
777
558
559
870
155
252
383
327
775
690
631
729
631
392
178
896
615
908
82
775
773
780
268
463
486
786
172
171
360
843
842
84
235
269
728
929
690
928
519
554
504
106
491
50
736
397
754
631
448
916
419
217
641
190
163
766
785
374
864
366
577
83
310
967
931
412
151
903
142
334
904
833
433
835
562
730
656
190
334
747
31
78
849
775
556
74
57
229
34
633
785
795
140
690
273
805
584
608
868
296
57
235
140
32
600
55
600
273
337
730
868
363
929
540
362
833
272
795
534
101
154
327
27
877
368
860
425
576
101
121
314
11
732
671
270
623
971
854
136
525
32
32
726
926
753
980
658
262
914
892
941
584
89
335
71
657
630
636
643
944
786
213
850
227
811
553
519
948
516
762
641
429
249
432
603
889
265
487
35
920
353
848
820
742
530
598
905
382
38
427
307
575
714
391
31
98
186
621
575
432
348
978
92
431
707
298
961
684
31
406
501
799
759
141
196
437
75
32
765
969
38
701
231
781
742
258
959
825
633
271
972
418
819
28
953
901
118
584
622
372
358
548
250
317
698
249
485
386
969
785
7
243
337
140
298
912
309
344
189
479
85
132
767
211
698
808
192
245
345
656
535
830
62
653
452
509
542
460
252
763
125
985
59
894
793
765
816
938
310
121
587
25
880
150
484
812
415
824
584
512
556
376
675
833
981
627
469
908
379
813
65
310
275
451
960
455
29
389
301
250
837
604
485
663
714
875
310
500
740
26
594
12
270
391
110
687
860
368
810
668
496
661
522
221
61
910
520
209
556
898
259
462
190
563
330
110
555
190
855
379
203
6
306
350
145
100
210
718
30
723
816
730
956
164
743
767
34
317
222
587
793
958
3
348
748
776
813
624
451
464
833
817
957
961
188
885
288
466
649
351
918
264
445
392
909
511
186
566
357
927
907
810
183
130
124
159
214
188
317
428
994
154
183
59
794
951
234
6
133
210
842
636
874
101
763
223
612
709
694
6
894
872
114
572
242
98
681
636
74
127
365
142
323
548
834
494
571
265
119
903
236
557
59
215
896
106
412
933
303
110
670
639
114
56
950
231
466
644
486
492
138
31
763
249
241
687
104
175
94
547
563
260
25
852
446
900
382
497
870
233
822
903
883
353
83
976
391
291
11
134
742
98
203
207
303
825
457
712
413
534
99
520
166
453
941
231
395
298
110
721
655
960
642
76
434
366
487
956
622
430
959
436
429
384
701
457
449
471
300
188
322
622
309
391
975
112
718
296
857
871
179
810
652
633
720
270
398
320
75
366
254
453
166
656
560
671
459
236
238
658
314
981
735
633
163
244
339
233
486
23
476
404
597
953
567
757
978
478
258
851
694
968
818
30
210
491
885
29
537
348
518
535
939
222
773
785
715
880
382
414
987
923
84
347
730
136
174
239
315
837
733
177
459
500
509
611
983
879
122
937
213
355
497
39
729
314
85
771
193
785
725
823
994
500
741
467
711
542
439
302
746
360
706
581
509
650
169
578
751
555
467
114
248
315
678
255
586
62
74
31
398
831
403
622
752
988
137
320
57
721
706
495
312
184
629
517
373
637
98
392
823
252
677
456
674
176
816
19
815
454
829
821
800
668
879
617
239
850
345
697
774
714
937
814
370
451
973
559
240
816
593
222
690
198
887
582
436
50
779
792
372
550
767
564
727
302
115
348
88
346
778
144
2
771
708
767
897
346
220
250
286
908
547
453
935
62
400
755
954
377
553
214
647
757
966
118
859
154
806
74
451
631
927
704
576
407
602
905
77
11
414
91
977
667
443
224
5
236
426
320
639
687
473
905
618
811
358
261
115
478
528
968
817
115
608
925
350
880
234
685
499
298
474
371
841
687
350
132
131
28
126
123
808
172
869
852
871
452
724
356
482
145
960
438
1000
637
177
559
740
205
230
112
525
958
667
183
687
633
712
237
374
923
457
766
931
800
213
66
576
470
517
267
531
371
1
320
385
450
382
534
390
117
127
312
996
186
829
54
639
763
741
925
482
297
778
616
221
303
808
206
229
161
281
511
333
747
809
562
368
177
977
750
809
497
53
801
815
923
961
687
195
55
492
303
402
435
176
927
89
225
303
873
282
18
74
177
624
723
639
606
859
506
849
686
908
249
340
770
339
270
906
89
888
588
98
494
387
841
850
132
459
616
547
281
434
693
603
26
904
822
548
759
873
942
210
987
746
579
707
556
647
233
894
902
620
708
903
384
20
494
759
192
853
417
898
133
226
378
575
59
221
90
8
506
302
309
344
183
631
473
641
866
5
656
260
463
884
824
235
543
452
347
535
417
483
85
579
195
563
615
141
128
333
43
659
766
811
909
885
538
904
576
904
234
370
729
491
338
307
298
708
368
336
381
884
660
284
681
820
147
892
333
872
727
20
800
277
126
1
475
476
368
266
550
922
230
978
158
21
103
907
109
71
912
337
971
957
229
134
434
31
213
398
298
459
547
142
907
70
222
242
614
706
492
141
778
115
572
471
420
687
58
894
462
314
151
778
879
727
289
66
384
874
511
856
513
655
706
369
320
880
20
512
292
466
619
286
655
744
359
817
581
738
170
633
678
628
266
333
345
782
495
35
337
820
551
982
271
670
153
450
140
22
930
722
372
219
104
66
404
119
108
314
744
964
911
719
234
961
48
875
877
964
733
784
394
3
50
444
158
515
771
535
755
401
319
266
572
268
177
344
70
152
82
128
918
550
464
888
255
525
789
612
808
252
960
642
332
329
90
613
127
162
908
851
502
430
670
206
775
934
398
10
100
620
482
7
281
656
912
619
950
430
78
307
212
997
294
753
605
889
118
756
914
875
476
694
16
970
298
888
437
376
565
449
954
151
566
298
522
629
230
689
177
73
65
189
902
814
162
588
107
266
887
86
741
350
560
402
273
437
971
15
211
729
646
811
178
629
404
228
968
498
298
401
317
433
677
320
685
241
422
957
362
819
249
595
196
984
218
344
405
483
989
429
206
730
421
963
489
281
801
247
530
345
534
481
9
529
46
277
740
575
398
793
447
11
212
940
52
316
789
165
813
627
712
616
713
457
968
760
194
553
214
767
552
998
533
517
857
408
520
678
965
877
866
270
981
266
840
91
438
784
454
616
614
470
90
211
614
425
730
480
114
10
282
600
651
513
753
395
576
116
830
945
252
165
596
651
113
959
590
689
118
500
907
798
71
706
565
651
48
672
528
203
535
432
358
363
579
548
767
32
215
537
78
144
786
899
939
107
2
788
945
724
478
935
318
76
713
787
10
679
92
880
865
458
423
419
695
776
19
785
283
317
403
794
405
145
281
402
692
406
910
666
802
786
143
286
616
684
210
337
597
181
157
268
15
430
294
605
353
233
469
77
75
66
729
471
465
58
771
242
68
243
5
223
372
177
226
960
249
936
696
154
607
145
213
45
170
74
437
806
412
280
278
748
31
625
181
547
856
837
752
441
6
464
509
888
177
725
204
449
157
692
58
849
586
613
364
539
328
854
31
638
157
580
148
189
540
354
654
157
114
113
811
579
759
735
432
795
528
902
39
662
373
22
386
415
88
747
166
715
210
9
320
241
990
322
718
644
783
602
912
751
364
111
433
186
6
683
802
608
799
822
245
127
103
398
927
398
214
672
633
486
297
612
868
538
480
321
397
643
626
78
229
736
377
714
333
208
260
574
58
435
541
977
494
213
390
370
700
184
967
129
940
422
546
807
294
857
259
786
316
522
698
570
614
303
57
968
572
963
234
644
764
579
345
831
812
257
848
173
701
802
77
967
991
855
187
469
776
887
405
54
110
408
561
131
528
921
419
813
208
698
910
26
941
787
800
443
364
647
457
953
525
652
976
504
577
953
468
669
534
246
910
791
579
151
922
697
350
178
337
371
652
75
422
136
192
451
34
520
563
617
535
273
275
304
226
194
489
5
581
424
587
183
116
803
885
997
472
377
440
906
254
335
451
451
325
235
528
177
757
656
16
699
741
28
775
752
794
358
259
335
147
771
868
206
177
956
727
872
970
981
964
725
324
872
376
711
845
855
472
712
710
211
906
493
321
827
711
59
382
101
117
190
93
576
842
723
483
521
190
147
335
708
152
705
752
986
789
265
850
472
459
234
435
378
880
576
513
768
124
990
436
743
770
253
451
765
118
471
129
95
212
243
609
655
546
986
610
110
723
656
109
436
5
558
715
475
630
522
335
988
699
153
887
58
416
618
908
601
989
241
913
225
623
847
722
426
672
89
997
659
903
981
348
304
116
515
337
861
832
716
715
826
128
310
321
247
531
848
868
638
219
155
767
984
174
316
511
654
395
391
954
908
240
534
796
193
90
204
894
133
148
611
931
920
346
792
449
752
483
813
450
405
292
82
965
98
162
759
154
250
782
436
547
843
828
135
563
674
927
909
26
405
687
95
667
950
770
605
648
976
712
377
248
333
219
772
92
831
913
104
249
391
751
689
636
121
241
162
463
712
909
809
684
168
690
933
74
976
339
361
113
119
571
673
408
357
218
976
498
706
379
776
785
33
879
665
961
515
118
493
967
770
475
225
6
506
719
712
587
866
785
280
622
899
450
547
754
733
430
271
968
438
241
423
607
209
698
310
818
264
127
601
532
844
109
877
771
413
89
408
623
853
169
688
338
175
183
358
170
573
177
999
39
30
211
372
482
279
235
589
652
735
386
775
934
802
998
272
234
433
625
401
800
572
875
106
574
299
352
486
309
157
699
777
753
56
869
641
787
409
291
422
453
473
270
890
964
846
794
878
340
104
885
330
970
106
785
107
729
843
900
940
336
535
701
33
318
478
164
359
277
231
345
10
39
734
568
792
886
950
783
351
687
923
945
201
138
856
85
167
533
538
25
605
572
61
985
908
640
524
653
793
715
854
698
445
746
519
118
491
495
857
498
866
128
168
166
793
554
241
28
457
39
640
193
796
559
433
791
762
881
339
248
900
442
624
130
850
719
855
40
738
317
681
80
488
244
262
824
144
75
352
81
917
808
760
269
183
199
307
375
373
579
332
832
783
734
615
618
421
845
786
675
77
350
236
124
717
474
537
409
31
716
615
710
261
321
676
522
937
328
963
144
284
312
903
868
38
604
878
918
433
951
494
528
754
670
997
487
108
842
998
347
375
674
418
152
517
160
876
589
666
234
923
599
787
704
918
638
70
871
764
318
148
831
354
714
317
876
328
548
226
344
785
824
145
714
174
561
887
288
731
388
470
651
468
815
544
867
625
791
735
424
293
511
290
94
484
833
706
314
136
580
675
265
469
569
230
340
88
556
748
959
696
395
541
213
714
421
984
322
602
31
933
137
285
208
908
879
221
98
807
970
391
233
740
825
281
467
880
310
506
324
50
584
784
588
548
312
889
978
513
842
193
538
820
261
341
266
200
173
243
86
654
316
350
639
840
851
976
463
870
472
646
31
687
612
147
230
204
940
967
76
448
432
298
193
950
706
771
935
96
411
432
678
241
134
542
519
471
268
743
739
249
718
140
638
831
614
718
367
59
209
183
909
334
34
866
255
824
10
435
363
617
961
698
423
771
595
321
182
269
731
393
629
303
897
650
252
308
820
23
408
689
590
732
463
208
795
10
977
281
984
757
197
439
48
786
323
8
264
136
89
162
278
553
299
445
680
210
525
750
160
375
283
199
979
913
768
130
550
55
746
354
373
899
756
294
720
327
800
596
900
13
494
416
73
714
4
177
950
198
915
921
727
863
101
513
239
992
116
802
296
535
877
25
859
351
869
589
86
977
868
996
840
957
26
239
102
18
671
167
278
604
11
498
473
335
414
519
561
775
545
950
114
82
233
540
339
130
513
410
209
86
827
771
609
511
934
297
319
202
997
933
738
588
83
432
588
554
665
938
241
558
236
391
423
402
651
463
200
969
53
446
314
862
148
906
899
900
939
953
562
150
61
960
614
977
218
977
349
764
359
54
775
354
25
767
407
654
54
836
142
226
738
226
966
526
565
547
460
736
716
735
224
124
925
934
795
73
217
895
603
377
783
737
583
702
763
418
471
584
755
130
713
997
913
97
209
104
398
109
163
647
888
909
981
603
406
970
667
748
193
420
70
168
243
602
156
517
683
305
71
312
657
266
473
167
395
82
359
616
202
272
350
370
132
985
582
685
325
293
554
580
461
856
900
223
277
564
747
715
576
548
260
836
962
847
994
849
913
856
945
5
307
110
514
903
886
671
832
587
760
221
386
3
22
645
140
513
554
155
806
294
104
302
828
564
328
617
964
654
712
885
174
622
734
154
660
970
382
249
923
678
459
241
101
272
340
1
373
348
582
631
841
609
993
701
593
359
30
837
684
160
6
896
651
669
137
762
230
10
236
503
233
590
108
562
203
320
6
436
135
104
766
528
739
127
633
417
452
504
944
424
311
504
230
515
526
773
303
330
620
890
189
318
390
320
618
568
290
278
45
934
619
288
105
505
5
477
222
162
785
561
931
631
828
166
882
488
80
741
338
101
824
386
116
848
90
709
770
613
502
681
756
864
964
659
963
606
983
286
104
345
170
896
62
109
493
140
32
546
648
479
36
730
83
887
948
410
812
373
892
818
179
846
244
897
962
518
268
820
879
741
433
176
964
945
148
31
438
481
116
308
395
899
55
180
889
557
251
663
267
49
877
316
884
895
793
572
153
207
647
196
521
581
655
696
31
691
812
886
724
399
445
240
824
878
891
783
177
845
421
505
575
465
880
101
713
248
846
988
146
784
18
238
734
824
415
856
658
482
319
974
818
924
86
500
266
199
655
152
753
270
576
882
55
493
933
463
773
531
689
511
261
205
894
397
602
908
588
451
728
176
706
963
170
271
399
688
875
957
472
56
766
716
433
765
848
450
424
623
457
132
731
128
182
729
59
809
293
17
643
222
576
714
940
750
282
277
825
712
491
984
614
210
965
313
585
247
360
402
125
508
525
930
443
193
752
711
732
740
397
88
38
76
796
955
11
189
332
564
476
410
479
859
398
59
107
189
272
31
918
273
426
59
828
409
998
116
59
205
989
493
272
186
758
398
757
604
592
264
913
233
226
322
22
515
408
463
565
190
191
400
770
308
92
191
153
694
465
56
127
280
191
81
50
350
175
239
575
460
498
870
693
195
97
566
35
547
822
909
22
135
31
871
81
995
423
829
644
418
961
538
616
450
456
714
532
185
381
989
940
613
324
74
525
409
977
360
381
630
983
682
51
29
887
197
378
96
966
933
751
715
240
167
296
32
648
277
241
248
210
748
254
741
261
478
117
539
190
530
121
794
636
621
83
184
457
841
446
247
249
367
888
180
850
174
76
980
954
528
244
114
858
345
23
146
305
890
647
788
3
9
299
722
247
703
283
871
8
789
146
261
986
565
294
966
209
222
364
159
617
368
445
201
837
833
365
483
769
789
116
760
249
757
628
190
828
835
557
815
944
453
169
825
168
119
50
973
578
940
128
969
457
247
838
244
523
923
559
209
873
718
897
971
494
401
759
214
863
878
5
574
555
165
537
553
771
900
176
20
889
711
633
259
193
929
906
565
583
368
41
864
442
720
359
473
589
290
381
437
351
353
816
998
194
916
26
213
368
957
645
529
905
680
756
812
321
965
708
563
222
379
447
625
734
718
749
54
580
935
698
241
306
450
333
685
213
156
159
283
831
397
508
930
111
450
912
26
798
399
292
497
323
971
123
721
563
388
367
279
370
908
129
277
921
346
340
583
3
598
993
981
49
701
539
118
898
503
359
487
669
753
93
391
977
459
249
689
673
425
842
753
115
393
875
188
609
459
592
392
709
799
468
820
134
161
360
943
44
763
851
482
423
761
802
817
872
697
26
117
92
37
884
709
706
575
316
722
134
989
947
337
634
863
641
760
425
70
74
962
574
535
327
213
74
883
116
790
956
792
576
653
229
583
684
189
100
110
422
398
425
601
185
764
829
621
872
241
372
364
245
323
213
904
858
27
702
707
34
861
485
86
855
885
3
518
471
31
575
513
381
327
208
492
981
107
491
475
31
872
288
560
314
230
712
9
79
23
641
119
317
127
754
86
282
52
822
50
655
881
651
829
450
951
160
831
208
68
526
262
80
743
562
849
687
340
515
541
964
792
430
836
792
714
402
388
777
538
706
983
143
42
317
281
605
146
135
351
873
770
442
143
200
269
127
923
296
428
787
649
971
66
316
800
553
358
622
56
774
612
23
942
970
849
989
41
499
804
763
888
270
393
38
295
224
808
593
289
450
140
668
900
721
398
196
392
554
514
269
583
931
655
864
421
905
345
706
666
309
359
449
528
98
582
18
838
104
542
755
804
423
290
700
354
582
525
810
218
311
210
531
290
669
338
689
821
363
319
318
385
77
112
635
12
877
872
943
893
755
930
641
999
30
33
79
32
706
128
602
703
339
725
684
714
629
927
209
650
966
693
469
600
202
910
824
49
660
889
552
964
327
629
284
42
689
259
598
208
810
511
882
704
323
567
164
505
641
23
873
791
230
749
796
170
233
508
119
730
303
450
581
842
500
356
170
972
87
462
246
430
860
667
13
86
53
159
763
963
609
656
847
567
134
236
988
436
151
721
432
78
361
485
251
868
843
31
559
11
118
538
202
814
431
692
742
589
212
547
74
213
236
302
509
531
722
863
689
62
762
74
140
547
104
808
86
798
995
488
414
10
631
522
515
147
875
433
987652
776
387
555
817
983
965
287
631
684
233
50
285
947
94
348
905
1
427
989
790
898
946
689
835
673
225
188
351
242
744
564
430
713
348
240
96
567
522
336
101
92
19
547
223
380
752
36
124
888
768
865
915
346
625
69
806
690
630
894
155
408
201
494
859
96
221
341
910
278
592
447
135
582
612
249
985
958
743
995
491
845
357
855
705
963
192
127
447
910
186
203
821
918
418
485
445
883
683
952
467
208
929
169
298
873
740
778
535
711
404
338
895
729
126
344
350
766
338
74
37
82
34
809
797
695
134
579
968
777
101
74
818
370
80
249
586
405
924
888
625
324
795
472
660
698
672
686
357
265
211
391
158
393
375
741
350
273
861
101
453
396
475
289
459
448
89
218
843
245
225
458
230
905
288
171
426
235
545
214
985
306
197
624
511
130
944
437
99
290
544
501
604
941
951
959
264
480
294
679
945
124
505
603
647
462
417
462
164
675
749
714
195
764
464
206
5
83
718
603
217
88
844
1
69
927
708
206
770
730
352
317
257
760
764
851
127
749
244
700
48
402
135
109
436
16
981
956
528
699
246
669
215
627
226
239
500
808
306
490
469
290
696
268
612
517
690
432
69
95
89
702
41
623
334
893
332
525
283
474
201
875
959
736
221
594
235
89
218
423
127
229
974
680
575
159
368
607
587
136
671
642
913
339
848
793
631
452
28
779
170
353
155
414
197
373
292
512
868
991
71
687
957
232
375
114
975
935
866
784
283
674
680
311
58
511
522
602
281
304
350
309
858
746
978
857
421
269
160
755
589
618
792
488
831
479
583
303
719
820
693
863
355
80
43
579
586
320
541
905
811
917
328
532
811
401
983
517
904
811
239
803
328
355
341
480
711
658
914
617
921
537
730
563
903
621
934
384
727
802
359
376
55
43
726
254
417
369
43
929
188
937
640
791
602
4
632
553
485
66
254
969
498
600
684
38
629
697
803
656
231
184
103
802
541
514
520
307
488
920
461
176
401
298
210
350
864
288
54
647
273
23
950
771
170
733
720
572
138
499
213
629
110
746
639
488
926
497
132
761
816
445
899
438
714
190
971
351
8
752
542
346
913
748
919
795
967
541
702
886
904
902
617
917
853
194
695
799
565
944
310
348
270
567
710
455
142
66
680
852
178
440
133
632
127
231
30
774
753
32
52
578
539
605
887
69
349
869
962
517
908
1000
890
868
286
565
785
863
827
902
398
506
969
490
550
913
962
41
985
116
14
458
97
39
223
506
774
188
651
594
535
233
391
250
533
724
236
81
742
210
690
310
369
404
343
97
710
3
934
730
505
528
78
529
475
434
571
98
735
255
345
993
101
822
896
124
327
832
637
258
550
936
15
834
542
553
329
57
110
351
88
53
873
977
568
353
843
592
567
860
692
653
997
480
314
147
640
34
729
622
395
662
753
852
738
904
256
777
532
647
192
949
939
896
790
974
21
101
5
430
864
592
76
454
885
127
872
340
150
494
416
936
889
243
249
935
5
480
477
195
587
239
889
820
248
946
15
915
724
749
337
967
528
576
899
799
320
962
841
922
1000
258
236
684
16
109
89
182
829
178
670
687
626
57
241
176
901
337
712
450
254
59
803
379
61
277
183
901
163
828
184
453
45
295
174
625
483
34
733
723
764
325
853
19
763
560
295
522
574
431
583
880
210
813
68
607
119
412
401
98
811
204
305
973
682
887
53
840
479
279
266
477
437
205
712
872
549
805
247
86
20
634
122
710
77
857
136
976
971
668
358
930
320
279
934
422
205
437
279
114
661
202
587
799
745
389
582
466
514
116
864
717
814
74
353
517
76
16
964
149
488
249
727
722
430
933
866
186
619
967
602
637
8
262
731
956
824
357
90
507
461
187
36
242
146
134
427
286
941
877
176
247
480
177
746
396
423
188
655
113
827
621
472
101
806
517
660
416
207
702
695
154
772
142
205
262
148
614
997
615
766
509
677
890
247
598
203
415
908
281
889
754
68
679
191
279
838
852
846
539
596
304
29
997
160
790
691
418
391
930
362
241
623
199
229
967
592
703
374
382
463
39
557
773
32
617
128
75
531
204
486
605
141
425
698
699
616
127
55
654
237
293
246
618
830
893
862
922
225
724
817
315
159
926
704
247
248
529
296
743
457
86
6
379
857
401
251
175
915
121
469
104
627
76
792
967
487
758
319
853
314
572
58
199
892
339
637
485
620
433
539
143
815
306
98
468
870
24
917
328
533
724
43
947
120
565
777
18
25
511
721
670
437
305
637
557
89
973
549
221
561
824
888
459
228
390
735
206
262
525
656
434
6
644
808
144
139
986
498
587
582
109
630
444
405
98
430
259
58
302
263
170
100
621
110
547
22
546
294
84
210
233
415
704
55
220
235
778
266
668
183
912
188
450
103
274
688
781
900
743
630
432
93
985
712
864
921
643
359
767
932
236
326
282
243
516
177
794
184
376
720
934
343
507
340
792
500
621
465
575
840
1
56
886
189
491
124
472
863
761
625
281
278
233
951
489
430
434
407
590
260
770
595
639
436
706
266
424
535
852
743
630
935
446
401
56
504
806
638
137
515
106
746
261
687
733
507
159
327
557
740
539
660
387
703
838
476
594
483
941
905
582
689
785
207
305
212
66
417
909
244
713
741
636
445
218
636
119
364
201
49
525
223
296
268
190
45
58
614
384
809
583
968
234
58
263
523
797
615
82
958
587
831
35
620
453
711
435
850
671
317
128
946
86
837
808
148
236
453
466
572
622
726
192
632
689
130
104
91
38
477
777
638
575
13
483
795
401
530
353
897
700
315
515
786
415
874
763
164
916
448
271
41
435
463
139
448
113
178
488
577
912
222
988
340
91
892
885
856
450
714
450
570
156
487
931
109
194
764
927
159
957
107
593
448
827
959
309
448
96
968
810
735
486
353
482
525
999
273
705
881
853
698
19
702
83
545
672
236
582
608
1
663
389
998
46
213
48
925
270
638
499
352
815
28
297
29
500
196
271
612
823
825
248
298
631
226
378
344
927
368
587
162
150
346
716
492
181
980
463
615
611
361
136
764
999
186
438
711
219
150
254
905
700
624
300
698
199
225
46
406
602
305
528
818
363
972
745
217
104
826
891
729
119
119
749
304
896
809
625
425
748
461
967
324
515
841
447
517
207
73
962
461
896
962
711
351
994
346
311
5
981
454
723
611
499
275
575
630
404
924
521
277
897
896
19
671
824
427
532
538
179
76
118
384
733
35
97
802
706
370
292
738
189
823
976
245
463
68
113
420
791
881
164
767
853
398
58
625
692
900
717
140
889
451
98
940
167
685
182
387
437
82
555
800
802
690
748
161
272
974
710
499
208
842
970
833
608
457
39
429
359
422
343
870
538
641
326
107
882
350
885
958
824
550
727
451
798
698
774
924
140
448
324
278
574
351
512
415
884
718
142
322
796
437
205
577
563
288
153
712
869
395
393
879
825
453
70
148
832
6
118
350
650
832
63
618
73
532
108
615
380
206
786
755
137
186
76
454
233
382
345
895
26
784
121
358
258
134
268
474
435
90
957
282
776
675
469
66
30
121
170
283
824
790
667
8
778
140
966
688
308
84
869
525
944
417
132
837
919
305
284
810
471
511
147
735
741
830
382
968
226
451
913
424
767
784
309
1
285
208
607
765
572
817
528
770
3
529
618
203
379
353
631
783
340
924
306
521
299
944
165
489
49
648
62
392
918
942
138
413
525
88
241
908
85
337
196
885
503
681
888
450
334
86
937
954
266
339
911
689
203
252
39
916
148
714
68
31
352
138
692
371
771
450
388
179
738
560
494
317
770
935
174
499
842
911
651
811
709
169
803
635
812
697
498
114
213
798
258
696
937
424
513
882
274
751
627
357
934
631
636
432
119
854
469
413
74
121
48
637
254
83
525
604
814
716
923
52
106
471
197
832
337
207
674
93
749
448
616
893
401
266
418
719
267
670
673
265
185
299
921
2
581
559
31
753
435
944
558
499
965
724
796
377
303
964
300
447
146
53
186
863
572
167
750
215
937
363
896
309
981
660
883
843
656
362
320
145
715
999
675
584
586
272
966
630
594
42
525
823
957
955
350
487
348
728
988
735
109
249
433
663
463
831
270
630
498
299
875
691
177
283
688
431
213
303
760
697
861
357
844
478
375
324
953
279
43
65
754
148
566
31
340
121
897
419
723
406
69
153
263
130
932
250
935
904
483
588
147
409
205
55
949
350
226
110
113
465
447
733
813
17
702
948
856
709
871
766
729
367
812
224
970
457
226
955
643
351
140
683
560
123
160
942
719
884
353
54
548
248
727
694
418
186
995
346
825
175
826
544
197
210
169
684
438
617
356
198
28
78
889
361
656
634
538
521
338
779
919
898
133
843
567
128
167
310
904
963
845
755
710
829
852
111
840
572
539
811
258
142
603
206
535
833
278
997
999
212
561
711
812
598
761
103
882
786
329
356
377
131
38
20
184
18
295
291
465
410
495
183
188
929
177
833
399
312
590
685
350
277
474
403
247
184
817
482
311
611
871
203
167
635
66
228
763
235
882
70
525
267
55
723
181
167
330
616
240
833
460
474
492
298
140
900
117
526
541
718
768
692
892
214
415
78
765
525
467
412
119
191
4
518
308
740
869
846
423
994
205
112
61
361
756
22
811
74
841
670
540
417
545
499
418
529
141
980
896
528
277
711
156
254
202
80
233
672
1
89
320
254
545
406
540
296
391
140
606
403
953
358
401
88
501
90
390
298
279
206
501
565
98
432
515
320
132
826
711
973
734
400
317
570
104
962
528
698
93
197
718
143
286
883
747
920
55
330
199
99
195
918
129
161
672
512
143
487
295
205
152
209
494
556
270
532
102
995
270
417
241
354
115
156
26
615
56
226
336
930
807
84
425
658
260
525
318
862
397
171
281
350
742
502
779
957
103
217
41
19
70
667
636
546
52
434
599
751
889
23
866
369
385
265
791
944
842
369
702
991
358
623
135
391
477
684
247
351
886
280
53
884
187
592
735
488
493
517
716
334
330
277
316
431
121
603
833
712
522
475
785
103
317
917
137
280
352
119
621
422
956
134
469
653
366
722
41
698
972
115
68
627
444
348
244
720
361
499
683
391
757
947
286
820
893
234
924
61
100
952
902
285
553
578
449
999
88
408
586
699
792
933
823
884
935
567
499
949
236
339
622
465
739
415
896
508
391
729
528
113
545
514
945
530
594
837
650
233
924
254
934
469
331
952
881
154
316
886
690
309
759
596
748
799
933
614
326
500
424
619
44
670
53
299
274
224
246
662
621
190
971
771
112
350
715
976
934
210
364
152
85
554
566
75
130
430
623
691
592
509
275
175
891
822
129
248
347
383
122
625
602
209
274
866
366
933
207
27
107
784
305
931
727
784
887
311
3
395
77
854
561
278
685
182
58
427
619
287
337
45
160
931
205
906
608
254
598
28
274
98
974
198
957
705
336
391
775
340
459
307
161
246
583
988
514
130
260
535
71
729
310
588
359
272
923
128
133
943
913
938
644
825
130
911
602
971
485
927
509
509
645
210
910
110
859
149
246
504
55
813
790
489
270
55
819
451
919
482
967
559
963
208
498
703
599
11
605
646
984
500
784
164
938
614
918
487
683
786
320
857
622
1
776
531
515
58
650
281
967
320
220
432
888
811
462
852
971
506
447
346
842
120
614
259
570
520
930
52
220
268
770
981
845
740
910
655
330
54
170
760
421
7
347
438
255
621
526
57
681
41
808
933
719
195
157
868
70
456
903
218
171
461
233
11
810
936
436
658
432
678
821
413
625
417
516
113
77
653
226
929
380
280
614
993
508
770
315
835
442
181
215
240
649
244
590
313
462
472
942
275
858
488
853
300
113
410
715
986
225
999
498
897
970
627
517
530
428
906
525
959
5
91
565
911
799
515
751
908
169
832
40
127
767
241
467
246
97
856
432
688
351
384
883
344
31
893
868
480
244
512
941
432
911
831
741
329
602
785
934
832
447
110
787
466
677
820
487
936
290
218
178
460
890
766
88
926
172
983
252
543
326
263
495
114
720
48
355
17
322
270
272
587
654
528
204
905
825
335
491
856
810
587
954
741
776
309
252
901
433
346
875
857
334
560
56
571
40
861
872
66
259
957
311
257
84
550
722
666
920
66
695
714
171
911
790
767
408
138
979
172
374
189
306
709
991
293
279
629
844
940
202
339
412
324
522
263
303
421
956
833
174
984
115
938
886
294
119
320
450
811
319
186
871
202
502
761
407
525
264
931
358
567
606
295
950
107
163
651
791
204
25
56
104
464
121
333
195
623
229
700
299
903
32
888
906
86
295
84
327
210
962
71
381
452
104
497
314
725
584
526
896
42
641
90
143
815
38
210
86
168
142
96
574
524
155
961
344
467
133
915
419
162
399
522
159
49
879
812
197
946
547
539
789
749
812
119
878
382
850
227
917
707
265
697
546
235
743
841
589
29
593
44
723
84
576
494
272
94
751
871
639
548
35
253
465
221
450
500
43
546
736
930
436
18
136
714
629
795
741
788
98
697
256
567
960
577
965
456
381
48
731
899
932
893
848
976
354
547
480
946
960
908
898
400
209
890
946
360
282
433
650
144
104
499
73
122
695
941
725
96
967
926
924
804
377
359
419
743
487
539
462
861
622
904
909
498
538
940
697
152
92
905
43
884
402
771
491
400
893
390
369
399
137
490
59
642
780
91
540
621
771
379
161
543
883
399
664
125
824
316
592
153
481
460
507
810
998
32
707
431
85
355
751
751
221
740
97
758
55
269
614
765
222
365
544
371
760
964
848
174
608
862
695
134
229
6
11
805
868
982
683
48
924
58
661
209
947
785
322
472
522
884
901
219
553
98
957
304
451
745
783
394
198
503
715
16
359
561
152
506
123
463
670
624
34
204
791
725
653
49
485
656
130
21
556
118
196
121
718
849
808
175
547
435
834
664
547
641
327
981
841
266
791
880
735
800
259
339
1000
789
813
376
210
163
69
409
953
35
236
622
154
406
468
984
89
119
852
612
712
211
573
695
112
816
967
397
864
633
835
632
265
292
829
118
802
121
122
506
698
846
1000
499
582
614
122
197
127
692
247
839
338
543
814
196
935
35
849
522
488
151
785
474
638
25
162
404
849
620
874
684
901
727
282
119
791
959
787
841
96
988
134
325
821
116
542
804
90
951
849
214
877
589
459
43
643
33
928
358
486
327
225
162
866
507
384
608
280
51
542
654
780
812
82
63
291
824
384
297
814
275
783
137
744
587
598
897
889
382
91
822
340
378
873
164
494
446
271
298
900
327
864
375
178
108
164
959
252
574
166
296
436
898
139
545
993
721
164
787
763
162
773
413
674
947
311
46
454
223
251
806
378
612
528
197
512
841
759
766
153
881
693
337
142
777
592
862
766
367
524
756
681
719
91
84
76
338
707
829
354
475
575
637
302
311
231
698
784
858
524
931
763
272
979
198
273
500
7
135
104
714
448
878
783
316
443
653
955
873
30
568
271
348
52
646
802
911
471
701
620
784
944
343
666
70
522
976
490
503
442
292
5
741
885
207
109
688
386
327
921
224
24
895
768
707
787
751
364
164
154
829
255
103
90
534
701
273
367
181
218
142
797
156
31
831
721
866
20
556
993
61
712
994
439
761
451
727
410
718
704
608
257
119
23
654
303
896
832
418
464
360
238
662
493
942
923
297
394
267
71
816
151
280
353
789
845
902
845
404
435
722
398
121
579
673
307
822
185
636
539
101
816
843
597
273
404
77
821
526
783
453
227
857
537
582
560
854
320
539
497
635
719
232
177
988
131
317
55
303
324
484
823
877
904
55
340
616
419
859
135
264
697
56
747
791
680
265
101
503
886
671
823
448
357
215
190
93
140
384
893
896
353
131
393
12
57
239
584
469
711
162
240
495
477
904
916
395
40
118
