901
401
402
802
455
229
269
742
243
886
812
588
588
4
175
343
496
269
343
658
263
4
572
585
305
104
751
411
535
490
435
787
585
498
669
731
898
632
905
46
836
577
492
669
212
220
779
328
237
561
448
624
741
9
233
665
109
742
968
761
770
934
759
987
269
109
104
763
423
742
888
901
807
851
805
535
307
562
328
858
430
574
308
125
4
985
609
564
243
467
55
103
731
255
265
997
21
365
381
203
244
911
302
994
24
975
336
581
779
215
918
747
620
88
423
918
213
785
831
213
244
193
966
463
480
727
264
490
968
652
994
377
274
269
970
564
887
308
126
142
173
246
109
219
231
302
728
936
300
544
470
858
741
287
457
746
785
757
817
812
679
867
274
229
742
551
60
887
219
699
624
248
131
94
551
966
761
718
305
739
415
800
942
980
401
765
248
898
142
858
568
970
858
165
261
679
423
226
16
663
856
179
220
401
11
887
691
972
817
574
264
328
739
69
905
694
223
884
470
883
808
260
4
867
498
545
454
779
987
442
970
142
987
913
287
498
229
807
2
581
307
547
343
349
420
807
69
545
480
989
248
427
214
19
402
125
822
683
934
665
726
459
229
263
817
917
942
713
620
378
785
2
87
321
975
779
736
997
337
594
313
41
24
817
770
84
547
691
87
349
229
763
982
41
594
169
918
577
656
114
880
393
104
413
822
219
656
727
594
545
609
805
373
727
467
23
620
736
726
411
19
131
997
587
644
87
911
246
941
564
757
125
179
775
829
547
492
269
694
514
421
413
233
739
237
215
544
713
883
10567
94
463
60
427
471
817
706
775
212
883
762
435
421
802
496
24
699
839
568
226
706
21
264
758
820
572
712
658
392
779
864
843
561
812
66
131
674
402
111
463
652
851
326
884
972
194
321
934
418
980
787
913
229
255
767
481
856
901
815
620
712
738
918
751
212
134
791
747
280
142
244
442
214
329
812
29
670
812
111
514
392
256
690
539
457
742
572
662
817
975
581
138
260
393
126
880
24
900
592
381
9
792
941
884
736
381
496
669
759
481
381
165
670
820
84
674
781
805
817
256
27
722
917
989
980
4
942
287
745
664
623
609
989
46
874
448
815
4
553
741
390
955
84
969
378
652
812
718
535
328
323
901
698
194
864
29
574
900
300
829
442
194
587
746
764
623
435
205
691
421
966
800
764
851
886
843
55
553
418
492
226
883
728
480
481
620
231
305
808
658
377
261
497
467
280
248
227
665
588
493
705
421
19
337
255
592
24
820
972
16
420
365
323
982
759
264
839
328
553
913
248
471
528
736
337
415
745
11
909
415
413
220
300
820
69
829
767
329
459
323
907
390
215
843
175
736
574
223
492
551
497
539
9
459
859
820
264
905
248
761
969
421
205
690
528
757
820
41
455
260
165
497
765
632
261
393
413
212
434
336
683
588
138
859
592
807
800
568
11
411
427
126
29
66
265
175
858
781
233
632
989
698
256
321
807
561
599
418
136
836
103
827
599
909
623
831
23
562
941
470
759
747
390
136
448
859
23
134
674
662
736
454
765
728
661
812
214
831
111
213
888
827
193
587
888
706
779
762
493
454
955
307
169
792
138
558
759
114
173
142
624
577
430
994
588
787
827
662
27
698
169
663
373
898
223
24
739
802
60
807
745
373
2
918
985
670
142
694
492
917
413
493
644
430
886
378
212
758
731
656
822
381
280
764
792
266
193
302
343
856
874
150
758
265
874
434
726
259
699
867
173
968
328
266
858
150
770
900
683
558
812
150
574
722
985
909
661
471
46
791
136
514
738
227
955
883
722
212
455
231
664
989
66
817
918
705
377
808
326
492
392
88
775
103
558
421
336
243
907
237
434
259
705
203
739
544
420
349
264
203
763
989
679
269
791
343
313
259
326
712
94
381
936
969
812
490
528
620
539
457
836
27
907
839
562
663
266
227
413
718
880
751
365
762
134
644
88
21
205
767
746
246
815
329
16
817
274
664
308
114
588
864
911
982
55
599
661
690
179
739
781
759
263
742
713
343
936
738
883
313
574
585
