301
26
99
87
31
81
76
83
81
52
73
46
31
61
99
93
37
57
46
24
31
30
70
98
92
69
68
52
35
14
81
39
2
99
76
90
18
83
16
79
35
22
76
67
87
85
40
58
22
99
11
8
10
60
65
58
13
82
52
99
91
30
65
24
65
61
94
78
68
3
29
24
50
61
8
74
36
36
93
80
10
80
40
65
60
23
77
14
16
67
68
54
11
91
85
70
79
7
74
17
86
1
76
18
18
8
24
17
19
76
67
78
73
39
23
23
8
35
94
1
11
15
2
17
29
52
29
19
68
78
76
3
78
46
86
6
68
60
79
32
79
97
37
90
21
29
68
94
74
58
68
70
93
39
98
61
29
79
87
90
40
65
33
33
11
61
13
99
53
22
83
97
16
77
2
22
76
50
17
92
77
18
53
1
52
69
87
65
27
39
18
53
50
30
57
67
22
96
11
68
39
99
61
97
79
39
61
77
39
92
11
87
29
61
26
68
68
7
68
8
15
52
53
96
99
78
82
17
32
98
76
74
22
46
501
3
86
21
14
27
33
18
73
74
11
39
76
1
54
7
73
19
11
67
77
6
87
17
53
24
80
1
82
61
40
10
77
7
36
32
8
53
73
46
54
96
99
91
27
78
69
40
74
57
73
15
37
24
68
1
39
7
13
67
46
26
40
11
6
85
21
7
